feature_0,feature_1,feature_2,feature_3,feature_4,feature_5,feature_6,feature_7,feature_8,feature_9,feature_10,feature_11,feature_12,feature_13,feature_14,feature_15,feature_16,feature_17,feature_18,feature_19,target
-1.5706479125976822,3.4311503301658486,2.0488523988964014,-1.7956703869599075,3.0962525178891176,-6.687818203640998,4.746041251560887,6.890746678925551,-7.823117651975325,-7.7849164311185115,8.077907529584966,-0.917562387011504,-5.500445421766512,9.199144490576707,-0.7868188994651644,-2.730672541736662,4.221686470886412,10.574061288228242,1.8271407470899104,-1.4754804975486304,1
-6.069531285972489,-5.938006405594602,0.5107252725620051,-9.206762928980275,-7.641065735488525,-10.223505136263947,-4.277361739117028,-4.545108608813888,-11.040363940653815,5.2946858344420376,-5.519562956944704,5.245707400001181,6.0394808524956565,-6.120744259819738,8.611402549321767,4.9841922148920075,-6.924081524435022,7.143557043901916,9.758536563550571,-7.903316837148633,5
6.539425802987958,4.995680484446966,0.7712435131084541,1.8762399974912336,8.823516341302177,-2.837027106729183,-5.8018978482316355,-0.5077682471227511,8.183861474597014,-7.638540927942288,3.7473117944599914,-5.044060222806718,2.923022138250814,-4.179910531279123,3.7052215679137843,1.0695988582712135,-0.6083213672821199,-6.474198535296285,8.29075163617578,-1.7655145340095264,2
9.239224701476953,1.3989251763965713,-3.0533269821992697,0.9879542813899707,5.163790112670204,-7.194226126506309,7.837156636589244,4.040524048844753,-6.774138838192011,4.549714640986902,-0.48500090956385167,5.657038791812368,-9.60047626021988,1.735238711341056,6.133504555390946,-8.817048042513077,1.8948259812337902,6.902873810276057,-4.2988989151085875,6.5637505810925205,6
8.108886270255221,3.065482989949411,-1.5768853886483223,-2.767106251608493,5.037967085069572,-7.986595409819185,7.54295676651514,5.615786977772817,-5.3951205371924145,5.147173868476227,0.05368875661151721,6.012191188459669,-9.016854346378084,1.1756623065870795,7.297458280837864,-6.424897379621227,3.618904403479326,4.337380027083266,-3.1181838583567014,8.16775062216971,6
-0.9463394040840513,2.1099984691024694,-5.164024507532164,3.9125645030890115,8.232688288779796,-7.00082718453827,-7.0674252494977745,2.282372562814903,3.5458358060661777,2.2079186171739518,-0.17555901824349507,-9.813426067298742,-8.097078994818276,5.525655654921506,4.874958753714115,-4.661347229165789,0.40979947360333635,6.340180515457236,5.134041553390663,-8.608601675429428,7
3.458573644150769,3.288926217346634,1.9366272545446144,1.8101156288482942,7.113939481745348,-5.867410309732554,-7.293965525064723,-3.332402529088367,9.036827089236128,-6.719612489414008,4.534268061056046,-4.0554668042535935,2.79521209512429,-3.838054753487067,2.8461030174795763,2.8495847373640766,1.5745175950827717,-6.072661026357652,9.303858816821009,0.36841625289465596,2
-6.297290909628969,-6.4461897365144285,-1.3587032447509162,-8.622441515956801,-8.879585626875436,-9.805475500148352,-3.4340429031078843,-5.167557748557472,-10.115379999170784,5.640640445072529,-3.2027169964975615,3.127602722761116,0.3841237417323322,-7.245864018284931,8.154259764848788,4.61324640433426,-6.765541957448385,7.763468659181655,10.307310142030616,-7.700362434359561,5
-3.47101707137651,10.499604703643564,8.6832098399812,5.977737034051118,6.518158746381096,-8.065930368180993,0.42404004720184374,-9.421383084359416,1.9023061240901455,5.9645608862215305,-4.417292870487012,-7.234283585733825,-5.542584741472687,6.861787022104282,-0.1224674213307076,8.488708278386225,9.212050307815137,-3.6582502651015094,-1.4932662250493434,-5.249553327184081,0
9.456711721506807,-3.133543144723263,-7.430520762357473,-7.928501024471319,-1.813735403915609,7.72806704746652,6.165820949600855,-2.912680426129979,-0.5799329829731926,-0.7664325923359643,-2.4894830542955853,-4.714007570887967,-5.822585011592156,9.323810000961222,-6.905672788605808,0.9841677916995304,3.677663533825721,-7.346603753343531,-0.19047440474853317,-1.0809052059039916,3
9.134900431958023,0.6107873721778047,-4.63254072780841,-0.3326861017723262,7.418262884557617,-8.07055639703793,8.369154194330314,6.202911730142159,-6.929985810049892,5.469107045402348,1.8730264370997995,4.902344337684904,-10.843551855409848,-0.08214970161543289,5.241904615118454,-8.444896254458252,1.4237663878203675,5.810796651726794,-5.779231165650531,8.062747108810358,6
-5.707409684896045,-7.714312537435854,-1.423614069467798,-9.348850599213357,-9.309454180541,-8.49256892733975,-5.695483040884936,-3.9133174976967955,-10.543860093565408,6.09190552961635,-5.441819801256375,6.046403560006992,1.9288751041654524,-7.794157610592393,9.201950439700068,5.686695887173337,-6.93731987151143,6.860559746912649,10.367490781178157,-7.497321728135497,5
6.952816829864892,2.4146498459156147,3.5016390237349695,1.1687247000071637,8.089694962359067,-5.607067135767741,-7.133266590751066,-2.191951217068187,9.219096283098136,-7.065951889355936,3.349528695681006,-3.842345634625184,3.491342620261232,-2.482822308603472,3.1099186713909557,2.7580694886276174,0.6952517306227405,-7.506058948048498,7.425826334047643,0.1278375760264029,2
-7.720431047496051,-5.481590354598443,1.262159644518668,-8.175034862131795,-9.75012400781859,-8.763975106197233,-4.13583481362553,-3.956873365146498,-9.103102026209767,5.378948555982621,-5.914291021682759,5.234487263274671,2.037510901977881,-7.648065839227138,9.451301824774031,4.0587295678112145,-9.535937376244386,9.214318013538794,10.003452107502248,-8.78142221500013,5
-4.518424000113508,10.263616779369771,2.725477354505655,-3.890758888624198,-7.339227550424377,-9.992454086511632,-3.1967597892960677,-5.045051974470417,6.050671587557395,-0.7369952336753117,10.1028813039788,-9.309909897833572,-6.825500814962298,-7.851729493769394,-0.44252296145501036,2.4465607314249773,0.07159562443410758,2.5484518999072994,11.289415043512406,3.4264558991141487,4
7.575635570153822,0.862125310502841,-3.8584797310184706,-1.1388300223752847,4.46255591202808,-7.591216275391933,8.670590230569031,4.595825566641427,-6.454703545381314,3.898001430395504,0.8007791647785742,7.193627194713869,-7.6108741681061485,2.1019565153782698,6.387524557314331,-7.106415552050934,2.8827725638922566,4.195904395147846,-5.878170456210661,8.26617037566473,6
-6.598959105989465,-7.667494054852208,-0.09578480028995015,-8.582933135886782,-9.678409864695075,-9.925960632553643,-4.865792650455576,-5.835571169738852,-8.938429586122624,4.875174314999705,-4.639060250470082,2.2384155260550167,1.0716045263283465,-9.723137063639356,7.858009444589179,4.026348690058308,-7.373117402499979,7.166658035432473,7.836452058064284,-6.733441363312021,5
5.182848875691565,3.6879995839938777,2.598010380368512,1.3388068523271297,7.649540455016639,-5.5924355625524615,-7.74638048089721,-1.4547934603140564,8.468769469290278,-7.087256869894821,2.299857017029515,-5.370465354470888,3.7852853533015667,-4.108744635545042,4.9641180721160305,3.681311999706538,3.1067336233563805,-6.399280066319143,7.171131807584725,1.5062182501144308,2
1.3155762220061853,2.9627300925382407,-6.319931841606378,1.8532152323208368,8.75925019660791,-7.729620830559467,-5.981471582388391,2.3998794289899554,5.146292682341735,2.298295658768613,-0.4331340732925147,-7.96914363541616,-8.178906918746891,6.910448920393973,5.64111645990475,-3.6724629303532037,0.6612588740428258,9.057698313456987,3.78531548518892,-8.987189477600056,7
8.960869873106919,-2.854604835704218,-7.398308257045476,-7.578996805870293,-0.818036935915424,8.546182465424419,7.561227933850942,-3.896114483888991,0.38329197877269755,-0.1423315546512956,-2.607824785270077,-3.861372707263432,-6.490629663631582,8.99936692430435,-7.892165803970108,1.3823436110409637,4.270461663501721,-6.259555872915149,-0.2897110606622373,-2.9026012656401488,3
-4.315310073668138,10.570190099994939,2.422729903079125,-2.2583628594975025,-8.191618224457383,-10.016638216935423,-4.731459030993202,-5.311888413799338,6.3597450026973785,-1.1766233394675387,7.422974415918365,-6.940276891654113,-5.3448724173195625,-7.028775913362452,-0.6897168558103342,1.5752472898705059,-0.5591820437795703,1.3131419694632442,10.685220129210329,3.1114548838880287,4
-5.49173617180865,9.531346568735556,3.2488367149707824,-2.531542058745241,-6.341497775122111,-8.368907483027359,-2.018378140321005,-5.168567110036035,5.627615962926808,-1.1494913652173082,8.91732737990638,-11.504325132827312,-5.177386128525617,-7.94054966134502,-0.8489792906456582,2.6119021388388957,-1.3202053292582774,0.7050992365517316,12.025901518760946,1.8830287546737619,4
-6.054810686919997,10.379167930569269,2.88261660791336,-4.995645990315785,-8.624311444285716,-8.782439041841723,-4.897487238665626,-4.476606774578168,4.932117664474335,-2.9495716631119677,11.981792064424894,-8.500348044840871,-7.988916575593639,-10.328704989228564,-2.3724881085427407,2.344385550359747,-0.39170838866962854,2.1932390245041935,8.6871889599771,3.1859953087968593,4
6.376615517764756,0.4138826478985035,-3.2295270782461474,-0.48428664161896434,5.561714540789761,-8.161187643191338,8.98089930127108,4.419422676149164,-5.675832539843352,6.269295121014264,0.6532179599214417,7.019619925050512,-9.062012239133564,0.16735299348222143,6.079352782686986,-7.5640965052899265,2.5170894159636776,5.852862466025462,-3.080787386265332,8.434293115840648,6
5.383138638458266,2.7588947676321305,1.1841976546417452,2.7714747051322175,8.0509314249142,-5.842106579744639,-6.799294611337492,-1.0626905071730999,10.409473563907563,-6.6150097120135065,4.274440345756394,-4.1980608810295434,2.4158552956970887,-5.6802664483322935,4.328479167980637,2.196364317487116,0.821673195950285,-7.131300065193163,8.869972019654899,0.7349412998364486,2
8.90834687822292,-1.6569903644808084,-6.516513677282818,-6.2380073919391545,0.2437611327725746,9.72825479608704,5.813117642005276,-6.175044270943312,0.35521931189787026,-2.1138609571510165,-0.9066424525144003,-3.1833830463055897,-4.069630371024022,9.573588585648892,-8.907990821517657,2.1353437596811635,5.390691210622789,-6.851218690449088,-0.44712905220116705,-1.4153334367856318,3
-3.649382631717952,4.784102032522587,0.30350955099532273,-1.079535973806021,3.9533572935151127,-4.041850259082262,2.5365752822665733,6.660133001464353,-4.153479319784691,-7.456923754009625,5.192394485531884,-0.07787970510501452,-6.0693433949723286,9.064403390487694,1.3093090394216802,-1.67088962952888,3.9182334148782285,10.299562728860414,2.072340563511185,-0.7399146738127034,1
8.055692251683158,1.3511654922018304,-2.289248598852118,-0.036009886530851354,5.786880778725532,-5.989598180796957,5.946607205534297,4.868944868545511,-6.292075368687544,3.57884734519699,0.2042585051709933,5.969891641840938,-9.146401272168882,2.1796554559313623,5.408129446773151,-8.296433817864848,4.8467590405897525,5.807007583731511,-4.807143021281092,7.100075615609931,6
-4.28302232978804,11.473342088396828,2.6414037065169813,-3.181615595926451,-7.780609823903968,-8.281560377839014,-5.298296805525009,-5.460214467609391,4.9276746183992515,-1.4042617708973433,10.181587454927339,-8.67158937345231,-7.877877556287716,-7.9869161971720235,-1.130574100426269,1.6986937663356985,0.032576374684498616,3.143086379935088,9.282061706151215,0.6249427181207592,4
9.37507157346176,-2.519454937991447,-8.350663182086961,-7.146816374697157,-0.2562077722021741,8.54302652174218,6.7037187308248125,-3.8958470788248607,0.46124589919586534,-0.3619124652263481,-3.5533478964120215,-6.122570613550266,-7.074696835621623,8.361077574489386,-7.025507381550998,1.6111087328177014,2.824276651396446,-8.278585599929562,0.7895534714634237,-1.7083490605978888,3
-6.018408732721247,-7.240448419956179,0.8666609503173744,-6.633752845399831,-8.317991088014612,-9.562658291588821,-3.045170428731317,-3.514959667123552,-9.981404480666837,4.423284860611844,-5.81862308810502,3.231621006852852,-0.05374578441592037,-9.95565181575276,8.299128415425425,4.045847714684907,-8.51790437422214,6.746391466373468,9.00393203438212,-8.322987947018655,5
0.5760256583592858,2.4275540226954657,-6.5525512457129755,2.6808567318282455,7.550764071007507,-7.911667212010839,-7.168935846845679,0.5347098005332429,4.326728762541233,3.951417961827109,0.4553300330392043,-8.959147759756744,-8.926616493735844,6.365399407235241,5.180149276829971,-3.6548291113258977,1.2169482773018578,10.442011788430541,5.461198765873181,-7.2721276837211315,7
8.187580391871673,-4.270707549048845,-8.376296691353376,-6.195029596175622,0.8747603931404893,9.203638411983684,5.505817561741743,-6.0082578093941175,2.030563861482475,-0.7165257606174954,-1.56562486222367,-4.976897417258652,-5.750200956649628,9.355611483120368,-6.582178190986909,0.5198285251797226,4.043996319299056,-6.833157239840353,-0.002472735516123453,0.8516906466584746,3
7.922033333488151,-0.33622944245618136,-1.788309988429968,-1.3283969994398526,6.352845937343524,-7.441868953155001,9.587548129273433,4.888014461745293,-6.477263364055843,2.747378353669114,0.6589496377159048,7.473598452194878,-8.915532029867702,1.7184576388980772,4.248844890884679,-9.368992412337288,4.759151618545152,3.842537199038953,-6.091181682518102,8.155215113997304,6
5.493904694203647,4.821110783619175,1.3954207194714487,2.575863551747759,8.738559464219383,-5.313686710166321,-6.503831998678063,-3.600056333078147,9.413176721795127,-5.204417546587878,3.6428474603628094,-3.750257621576625,2.8448852474641275,-1.9411425873599004,4.475003293653625,0.4703326461508608,-0.3588104989177088,-7.647764189462708,7.5059703914039035,-0.8268367864918429,2
-7.031328270688987,-7.930225455106483,-0.008325634596629577,-10.236680121556157,-8.764636372160773,-8.95414289685518,-2.1195942867073,-2.8097030500447593,-9.08952650550626,6.16532177649901,-3.919514281769996,3.7305705140337935,2.0113600279588613,-6.727509037994848,6.417701253197373,4.4014803576627894,-7.682888086974921,8.156171949574155,8.234181786368644,-7.635224534056894,5
-0.2178802479497081,2.6681460621732183,-9.32135022227219,2.5869747365046156,8.768936635135795,-7.002393802175301,-7.89809860969008,2.744903061533756,5.04227869231142,3.291438119500274,0.6402699599416743,-9.183579213914241,-9.130383626760441,7.413275949062127,5.135633592161299,-4.11512380961824,0.9681350542302378,8.373509034270068,3.195101203910994,-6.7795403423355225,7
8.208353031094282,-0.846779898679376,-2.57218075964017,-1.1083050881264773,5.135041314045819,-4.897122828111286,8.594878995218032,5.475881219795205,-5.818295582834253,4.797740921975792,0.334100579631599,6.15874539715499,-8.946900865439313,1.7883779127327002,6.042429187729415,-8.45257295553165,3.824647069932947,4.988880838013423,-4.802483751894868,9.451053880570896,6
7.14347340533665,2.243204935838101,3.2663567908316318,2.277947662821874,7.285852419232756,-5.916336896505873,-6.419940571485595,-2.389985870884158,9.530577973386656,-7.638104432864853,3.005930101981209,-3.251398383381275,3.625717841890761,-3.0167791661247816,4.378083537681422,1.4595822711392774,0.255131123699614,-8.19014714444278,8.14236316385848,-0.4990930919525388,2
-4.563817744663893,10.538526092721169,2.3821569538091456,-1.5173239164234074,-8.933182288144419,-9.910370244087991,-3.5561309793027043,-4.772124134056422,5.6872908283906245,-3.1846973049512006,10.984674524646115,-10.278464275055152,-6.869864199052535,-9.313616948646622,-0.7523496060004107,1.968838521757176,-1.3629195628366704,2.5731823496175537,8.943468179338113,4.4253390899451635,4
4.497999336856079,3.056912788792248,3.8785264521162848,5.149606169531724,8.454026174022596,-5.315800882610231,-7.892265403407432,-1.5261780715970277,10.661725924525873,-7.821939465725392,2.114366008434275,-3.8098943999092687,2.636118223040968,-3.7192961464823537,3.633194198388142,2.934713712693907,0.9972705478875321,-5.785595500955884,6.568426678555983,-1.5723898111041803,2
-1.0460789730304187,2.8599180694917083,-7.399785447460154,1.703795880968149,7.024521478900503,-7.715150582805344,-6.149366305703013,1.056568043377388,4.124787260062564,1.7202551310197447,0.2818392745484835,-9.480220716155372,-8.821006765175454,7.575414043449637,6.767487211435844,-2.540837801869597,0.6012159459122438,9.004377214413989,4.488521910885139,-8.818350131445865,7
-0.11827959616390982,1.7589940184140385,-7.025610137158249,3.5902866482521314,8.800134984135715,-8.196777595257556,-6.195279390502756,2.0052125449877947,4.991104250697825,2.1767002037000225,0.09478876217442928,-7.76216195077447,-9.405290307527816,7.631962911080963,5.851831683729687,-3.792878475232615,-0.2702605137283366,8.32512575834545,2.88451338405505,-7.550050130505868,7
7.701978553113185,0.7649955360522409,-3.3543754604077454,-0.23206302253958927,4.540610249755886,-8.423371306786153,8.386673454526994,5.536640394220133,-6.525998828803279,5.760154265330231,-0.14007331501500972,5.401252922807923,-7.085990081690233,0.08469958396615018,6.729937564849842,-9.241633238461034,2.5279842657003817,6.318045826873829,-4.584817297783909,8.044907713483697,6
-5.998047502512354,-7.194988935742445,1.9182500952473789,-9.70862741261412,-8.829585820620894,-9.339047166107875,-5.39432128990182,-3.9232061840586248,-10.304532295318541,4.689849078188426,-5.962847008428667,4.333979488784894,1.366519358499509,-6.673122204223171,9.924243501201477,4.573333083992379,-8.082129500482838,6.780150010972452,10.014529731057669,-7.76256285722587,5
7.104346415535487,3.608855957596421,1.4807374766292531,3.874441104106644,6.961183396408492,-5.189645918477642,-8.10440606191234,-1.3464292314696238,9.60035942208692,-6.5935313053971605,4.390296245288462,-3.7153170223953738,4.4841745746142925,-3.330137888026548,3.9579781916091217,3.8348461677788332,1.2754154113976601,-6.76285343876126,8.4069045712847,-1.2697966401772458,2
-6.919819727707226,-6.127407905486709,1.5390829583776333,-9.256876037675738,-8.022419650501677,-8.762675435759716,-4.452937286940148,-2.1537909578122245,-10.81375883254678,6.554923064991662,-6.2018863559768835,4.6881054006802705,1.75468616342172,-7.861149886795738,9.345354775456565,5.08617227508272,-9.710102401779373,8.254216112492154,10.528048369742635,-8.794485853325826,5
-5.9864747849363535,-8.137971973479353,-0.5513110944848392,-8.725886742438979,-8.576041245191842,-10.160386983565708,-3.243285941650475,-3.973257706653751,-9.89298396610608,6.995357724290703,-5.153476058262517,3.600969983062199,1.2888770552922413,-8.110343185977019,8.918778180324887,5.419038375646242,-7.297118280499827,7.546123180774365,9.774811800737048,-6.208995459900134,5
-0.3032955546150109,5.083010441531953,0.29855160095509603,0.12362071712067935,3.0821424712697785,-6.693223745764291,4.703279748046018,8.613592806419467,-4.028515404171047,-5.893658369550061,8.078049516307338,-1.2375709808325999,-6.505258731845011,9.94302365622931,0.01013874882785093,-3.546918554483776,3.027528773168714,8.257485596848507,0.2777578892467172,-0.4121980063818353,1
-9.105061162301594,-5.691621920976381,0.12557724258194697,-8.308600156920155,-9.195219174341686,-9.18123285333592,-3.8837624586672552,-4.594991486053604,-8.405257160818266,6.42359891027257,-4.252506682419823,6.327383892382036,1.3833841113980827,-8.72299701073787,7.89492033333181,4.152865645912544,-9.394153522246153,6.8659268429848845,8.626842040076191,-7.660244511913011,5
-4.148652402993572,6.97914854768275,5.405000471143422,4.092807509935079,6.353171186357082,-8.09712847070564,2.302231625750908,-8.434019899969918,1.6354811626423413,8.010470496169276,-3.496491676508785,-10.033305090076507,-8.454404391275032,4.579042790398962,-0.4389316278529795,6.881280052185503,8.928760014734378,-4.6437624298745845,-0.670605773090023,-2.713825988387064,0
-5.593170552389407,-5.2140507837771235,-0.1861348045154247,-8.596852429426061,-6.9567557772452435,-9.124332248371845,-4.422752876696483,-4.735186016411454,-9.886997645301985,4.532112774700056,-4.204804950279519,5.2128090398103435,1.4367153270881459,-9.387893639171908,7.343649974417472,5.517275340270411,-9.71847163814892,7.894384340630523,9.222780260172598,-7.272100352138346,5
-5.090266063190013,10.38955232346263,2.32706180397055,-4.968594069285061,-9.703400905943164,-8.23438634486817,-4.359779313140397,-4.952041164460048,6.599034102557246,-1.3303982971829706,11.4591815172841,-10.613221510341031,-7.130085853687892,-9.843962909561903,-1.0752122785419698,1.7571789872895123,-0.6853073830376806,1.6962501991299015,8.976121762423224,3.024688693429448,4
8.666932552561592,1.9908836521025266,-3.8825573044030905,-1.4411521138472057,6.293991214539755,-7.752950899471926,8.395947162593144,4.3100970444819175,-5.122581307574909,4.373629417938608,-0.7774709941363426,4.784097188235803,-8.904525167127227,-0.6261021537623792,4.49637881733649,-7.9987872347072155,3.1531638772393475,5.815488959011493,-6.2971953475747915,8.38230814032054,6
-4.305149614487728,3.262156596588781,1.0843979002303712,-2.790000323972429,2.36232143127882,-7.680301501875169,6.712716626448624,8.54647141198064,-5.292312431431152,-6.99831487057427,6.76181721794169,-0.8592669894432403,-4.892692284977025,8.416218399453511,1.3463143643420254,-2.1982106947596725,2.1398527089329846,10.001885417066275,-0.11626569578162327,-1.0146225867157956,1
-2.7817731520989235,4.697419994671787,1.8238122737150666,-0.9622444959866662,1.2363445216868658,-6.121381506176278,6.870396485733288,6.1071684948955625,-6.444444319295009,-6.000600653800438,6.778497549134727,1.0230299272513577,-5.632326088420433,10.838768996332597,-2.071542479905772,-4.281826280404737,2.163236373849209,9.162494830269042,2.36394206442952,0.49450865612057016,1
-5.172923670284462,-6.831373543033881,0.9514226238057685,-9.813659998486333,-10.055275446131283,-9.87651332587168,-3.7638213521850834,-3.555993557843691,-9.308593946073362,4.31328820576679,-4.510985762256796,3.9942794218878688,-0.683312972985056,-7.641073040201084,7.936909415598231,5.81013037824018,-7.388654213790795,7.670429093192771,7.7380881565110045,-9.870309282609417,5
-4.468218501875105,9.77546195061733,4.0407736505990215,-4.1684769183400086,-9.119048016122443,-9.014170488800064,-3.1766806628965587,-5.500350893144594,4.856349936617964,-1.123966878353294,9.483370420720027,-7.289464013443643,-7.801471815775402,-9.885222072413532,-0.3814737900417693,1.5701203686541825,0.3540795103160095,1.3146353497208019,10.38654847912793,2.0676850152461377,4
-6.772017158722644,-8.143369392844624,0.09877107021001563,-9.317771344700358,-8.91911844608185,-8.244907462885159,-5.861285884919667,-3.7311100605851957,-8.177841867173708,3.883204940792979,-5.290230970429382,3.8590285083445353,1.4747073839929166,-7.034770626532467,8.849142132676564,6.19750383335505,-7.559929716928162,5.577067103409033,9.438389967200932,-8.048834830116524,5
-6.659738144561623,-7.394992373929694,-0.02815778817552385,-8.847945596897286,-9.48357156363746,-10.20839095876315,-4.071317512129166,-5.634182541781827,-9.780827123023405,5.418554397341741,-4.69622416438277,4.3387973574859755,0.950919383884455,-6.828963190511116,8.014504345943237,4.397905055012439,-8.409409795700993,6.253831257487306,10.527214473786337,-8.557110134830163,5
-4.433180424330147,10.855621819858687,3.3888791058801315,-1.7351803002818567,-8.03045541093467,-8.836976508427883,-3.512778704581385,-6.586269505310793,3.6829428982010537,-0.23402767618753684,10.597121359633427,-7.381709531534852,-5.69945345092458,-8.537215896685094,-0.5466259116413535,3.359567052683727,-0.6016299791075589,1.4848535398474976,10.653308956789155,4.183286763643213,4
-2.4269452053083347,4.59552121227871,-0.3955170448576386,-2.3198096308630762,4.159835156470289,-6.891840380110477,4.9520572254503135,6.951476952452209,-7.295188746353595,-6.224894001060887,8.39570229623171,-1.7545288496279523,-6.908008222120331,10.959174935997718,-1.4603793333283541,-2.8456720221839964,2.0804893154247965,8.970165092262635,1.1110699007627143,1.1352342862277345,1
-5.22309470629175,10.56335646449596,3.8278950040128876,-4.042461867401231,-7.438756249284072,-8.104980183116899,-2.5910766030518873,-5.909867386158984,4.2889269758479,0.6513007509212423,8.409342434501468,-10.164719307648717,-7.828786373718532,-8.663372877297116,-0.14399827055764436,2.1796581738165273,0.07947116913411076,2.069479556760287,10.726202275783592,3.01008982384765,4
-5.744469681768772,10.62689609109687,4.31088365166295,-3.3500549563766358,-8.795675286076587,-7.520920283683533,-2.2749253941687764,-4.520153803384289,4.47560344043929,-0.7640777446836134,11.576282106502378,-10.708584073428085,-5.530747220853177,-6.881644981480807,-2.0906894910338094,-0.1345338238177205,1.1986482993970853,0.8821041124703869,9.90967705848309,1.872032113952565,4
6.958872052491061,1.0033018541107657,-5.083456588161374,0.32793327077742784,4.5680678470855485,-8.681919449408685,7.776624750217898,4.997009276842041,-5.604064713626206,4.4721208837225355,-0.6288137685735229,5.092984141526414,-9.553471460135023,1.1176078265218858,4.597194784281248,-7.3885395555299,2.0435327009362174,5.35471899380795,-4.468964908581327,8.149427832554759,6
0.4202256862391893,2.3235341603217248,-5.242130677943558,1.6100688748846501,8.999210738882798,-7.653119488579866,-6.9804649816084305,1.9821926744399099,3.2047750489546716,2.835368050574121,-0.7288718439493513,-8.086225234422894,-10.551519138076356,6.2025931595089245,5.891480292868107,-2.333046492640319,-0.5311835328147029,10.961900189510626,3.7666179309204275,-6.783957155194118,7
-1.6918489396976875,4.090162541313604,-5.926800661569763,3.6604581932784055,9.134567701423856,-6.29638328308044,-7.454037311759801,0.3651897135123072,5.646530459082413,3.7524582557083184,-0.017190135444962798,-8.47082152554106,-7.230047411678099,6.426169830265618,7.050491613751572,-4.833533386460368,-1.1407564334618208,7.912019934990083,3.9307374134675404,-8.444474669527377,7
-3.7233405819492935,7.9429268732436,6.086179945070017,4.600647552071177,5.784006525576999,-7.975944001746929,1.4085436117673447,-9.730821183482798,0.9767534803746181,4.576106387896465,-2.9776598266514926,-9.243992270652926,-6.431668258047394,3.709749050292289,-0.14618844269038378,6.251932403561356,8.182671655097524,-3.9567622582688413,-0.05836581413211728,-1.8485805775458226,0
10.24716784124918,-3.6776838188378522,-8.627526172916678,-6.7883890368316635,-0.29321409565601253,8.972788927642966,9.329703961870973,-3.5508543921521616,1.0302615523383225,-0.8596857498937056,-2.8716181759001214,-2.4440325151541216,-6.2164251950674165,8.855752811358226,-5.211893453772259,2.395471196406596,5.184350989321118,-6.870972033956411,-1.2976244992470762,0.2830576731862169,3
0.43604754871024637,2.8825304362499162,-7.5572134236718895,3.9848403354956012,9.271922884582667,-8.458225320671737,-6.682467252716206,1.0121012779855723,5.816571346151298,2.4091810170614383,1.3830622746888843,-7.618643772112094,-8.308909495389674,7.888943582459052,5.103876546250438,-5.088221385131854,0.08257875319452379,9.558564341539986,5.428362151450219,-7.532971030518842,7
0.6180463682346935,3.875724156246833,-6.333378410097337,3.672350598563791,8.594279173970063,-7.818747980733292,-6.370126137847448,1.249447715561022,4.925549948998479,1.9074761348423728,0.692846970399124,-9.336027200094794,-11.05951974070731,7.078024119998723,6.7761696950275505,-4.3219241926192815,0.22848033093287679,9.090293696371848,5.510940314982598,-6.673194869228039,7
7.963993310372898,1.503767768446336,-4.9425306470651,-1.3699900470263273,4.8194529768382335,-8.042545965239151,6.207191528454865,5.081854913983044,-5.686421264065696,4.483277359915587,-0.4416639548287268,5.482263276462105,-8.948252389452222,1.5148312710369263,6.313231292360657,-8.14584545683438,3.1708704763009647,6.355717848035597,-5.4087889176281845,8.63528092976131,6
-3.668585503951796,9.793647006247422,7.463278634764589,4.506270220154996,6.6836327137510425,-7.014242093571619,1.5455910671383752,-10.16925784854312,3.9473713302817925,7.5238531590288895,-3.918145886382968,-9.59841164228131,-6.029006382110632,4.897000648893216,-1.6599674391458308,8.385901838113577,10.123387494106352,-2.240444332723156,-1.5533760003881194,-3.16120349418155,0
6.076897129874102,2.9305338935792187,0.08984079310306514,2.3614157004048097,8.316741126087773,-4.825028002568104,-7.034086492958063,-1.656601571724138,8.449893339399013,-8.115549353970852,2.480238412109844,-5.304619184969478,3.808562087373902,-4.407465111478099,5.257274696988398,2.784652050203473,-0.7724584029305226,-6.287891442668563,8.099344156276388,-0.08243806309682317,2
9.905937914973672,-1.7792214904881087,-8.013281004449093,-6.186301909842307,0.49991558794590707,8.737133483624463,6.3448864607484055,-5.163167652702132,0.40641224980665996,-0.29574071933326646,-2.577287629167111,-4.508413572096451,-6.621866942960487,10.246389911443245,-8.000188044096584,2.329307757712885,5.538666020953907,-7.641589679266824,-0.42567946118421773,0.03735468715429424,3
-4.719184440124317,10.68923444538976,1.9677995341563908,-2.608885269358035,-8.191245009263387,-7.288982129367916,-2.3639710138664247,-2.565379201443732,5.500812283345402,-0.7877666494655613,9.4096131980427,-9.629398237830669,-6.578965824235695,-9.111420650790645,-1.0326691932052738,2.7429014915759278,-0.08611733078865014,0.5527145543182741,9.714969355972416,2.1005685545665678,4
6.312485617567345,2.549730574019715,1.4205764436051163,2.1489876636069996,8.452624535377524,-5.707011468037789,-8.169722610194043,-2.8978045757848183,8.922359804040335,-7.186420773065267,2.61260855893821,-4.445799237600192,3.811458075971778,-1.4436171921940386,4.488323236166691,1.4118746722517233,-0.271657678640822,-8.112532657992064,7.366993929133603,-0.13866429064462454,2
-7.693200486609191,-4.969948608419359,0.5136947234301193,-8.04291359625696,-8.209999312263488,-9.051253054376222,-1.8765415570225077,-3.715623391641868,-10.826054627042138,7.148098291729337,-5.894981096399298,5.220389462224974,1.8461699470708353,-7.875675818190242,7.72096164570638,3.717664543835613,-8.746926349514776,7.109829475618951,9.690507144367505,-6.2695829971423045,5
-0.7336299003721563,4.914684070986575,1.3829250601308538,-3.024765755216159,2.906027859534989,-7.089746252792646,5.807922863954543,8.495661457540669,-5.646348850225988,-6.223216501714635,6.429168237360608,1.3911265851010857,-5.4404673482117145,11.41831283813744,0.792197374503776,-1.9647775759207011,4.369118843886849,10.52229625682305,1.3195776886947161,0.5071888264949104,1
-3.8027407424156463,10.421603752919262,2.931602597246999,-4.541847159191101,-9.316344299004168,-8.58901035310941,-3.693497071858662,-4.582710792959671,5.879367810592922,-1.1877960990745138,9.461123979206466,-10.671808191622391,-6.366486542537014,-7.4122108860450275,-1.9151134215030088,1.3296585128094665,-0.14648603823730705,1.9280041528548626,11.181089147236651,1.8440966248432629,4
-7.086539243631598,-6.941372856823897,-0.37998442921209696,-6.874068275851053,-8.619622949887349,-10.682961439685162,-3.8043472351946073,-4.679333065940619,-11.168304172858385,4.215089468458716,-5.991742959038461,3.1565023992077315,0.46848502056469266,-8.720633391676337,9.211087694561273,3.245190134475517,-7.986581368993436,6.292345731657571,7.9412645341688055,-6.01382710633903,5
-4.048659950760097,6.913808041361985,7.639203742896403,5.7408520396196225,7.7702892219470545,-9.090916927989293,0.24298825434272886,-8.829299448530026,2.27112418074269,7.314894224586945,-6.56961354491386,-11.60843680778267,-6.620139147443918,5.150730329469516,-1.6181073024148953,8.863318887668354,8.027744448057573,-5.709207245106747,-0.7431174649008961,-2.384527967145277,0
-1.2056120747622163,4.519262906988684,0.6926154845510206,-0.4918649159375613,2.2890431507455418,-7.276467233992061,4.449098488369209,6.726596873580618,-5.492089094011332,-4.603613387496496,7.955754958886761,-2.3121103737290474,-5.271970740919912,11.250882321780153,-2.1933254658829275,-4.381024463506709,3.5372496534158673,8.214032908708369,1.1580178859274355,-0.7104938734514649,1
-6.595803546458728,-6.484903092909955,1.4899961583391073,-8.575507315059468,-10.372399838233155,-9.086455731347947,-3.239144487470058,-4.308663134882999,-8.990516812038988,5.846393406291587,-4.88163967372487,4.290241111765511,2.782829512684061,-8.719875992733774,8.307400576874596,5.240710346223709,-7.165540851875453,6.698582150581153,8.120048784221648,-6.439740204523446,5
-3.5695939174889055,9.083355537566911,6.698535605342232,5.364490344882184,5.580695334441636,-8.35361888487786,0.5127635721979812,-10.286087944079867,1.8319456879690006,8.238619908726726,-3.4312001491168367,-8.782949748284459,-6.783035608389391,5.174679748416089,-2.840927063430355,6.560289692457738,7.572121611721225,-5.169875416172916,-1.6350431223457156,-3.8803858485875575,0
7.856367490602798,-4.27555290590014,-6.337497264474795,-5.781137882266526,-0.9140580995328835,10.353573982214698,5.949280208769961,-5.420033323294298,-0.43060899241002526,-1.191727070229589,-2.327113292192425,-4.422360590570122,-5.995852239724255,8.2042443117525,-8.798427005055046,2.1055457851449324,5.31925227056817,-6.300565697811444,0.321951732051866,-0.5608868902896452,3
7.478950901163228,-0.1438660371123961,-3.6542767220022556,-3.0402521822507236,6.211831748108609,-8.572021890471067,8.09829026678441,5.375183902431826,-5.1253066910514615,4.566288566227498,-0.43441950069888213,7.328723263366038,-9.263358394671341,1.67937881514657,7.03350504717674,-8.00631426285822,3.7685190394084507,5.463822676835006,-4.586771298118108,6.707451020606699,6
9.909650135054715,-2.878883744761284,-6.279150493140825,-6.610447700173192,-1.4469880883925128,10.167357558959363,7.988124522304973,-4.106560013207825,0.620700165349281,-0.554445505550535,-1.4622443766641349,-7.10502342954898,-6.5046274058170335,7.631258433655414,-7.059254071622005,2.0536792669276007,5.530168145479452,-4.489858659236971,0.3082691693128454,-1.2357080395087423,3
-3.660647010214154,10.00117152945619,2.087259289073217,-3.9943390722656664,-6.511022817375152,-8.667095506173933,-3.4603354281196466,-5.704845727090017,5.542760274713921,-1.3511149331350767,10.789733742410792,-9.221777353508967,-5.460517444662204,-9.626911079144971,-0.2960309513088527,2.453088765049231,2.093711957006181,0.17703163191989568,8.947906933887841,2.31931591175454,4
-4.846750880688846,9.752983726405295,6.550352232536989,6.9364075325435275,5.8693249995836325,-8.228180462453759,1.1250585138927591,-8.495938285191878,2.9801152829512096,6.8491659583212385,-3.2218475425735122,-10.755437755947343,-5.50630305713371,4.230112463676207,0.7073783853846731,8.964124945103888,9.823994139334829,-3.1887071947253967,-0.03113540102813278,-2.743591068351367,0
5.465637016423717,4.413623925416607,0.7554901760039208,1.314141635539388,6.502152335452566,-5.355848035185006,-5.671872568954049,-2.7141080914920304,8.518145320117831,-7.446290781761698,0.9113147656155207,-4.377840778524584,2.601496929466781,-4.80800560657942,5.726475429551558,2.04847191078407,1.7853193359648394,-7.8330401849693185,8.818617743358061,0.9228344286436692,2
8.395890454114797,0.2522107689226665,-4.64780045046315,-1.1741896114353199,5.692753282424262,-7.447691645008099,8.24829589132437,5.310524330003347,-5.544645087356887,4.578417434955766,0.3784428920385268,7.425929509654299,-7.871649654934182,1.7241274383587304,5.07682657644186,-8.978492097122041,5.544522892588604,5.497324160212072,-4.504887505292701,9.877620412942324,6
-2.1809306600506138,1.140560415252747,-5.58828048078913,3.6410849900129847,8.689807481980914,-6.4138572606041135,-8.156743592234724,1.4883127656308117,4.827710078599438,2.544573426864166,0.1400470377844828,-8.6969242142961,-8.353036795019548,3.3633678126837023,6.99508537727474,-3.6646430433972856,0.3135109378214225,8.12279151715039,3.8433445717426484,-8.57453693329842,7
-5.830816709312204,-5.576048536552169,2.0166363915996897,-9.088864162899231,-9.472403405403167,-7.492913515101537,-5.417345918267344,-4.621656329921341,-10.076504119283365,4.2995808262396835,-4.067209011844724,5.528321619743012,1.5888662256591974,-8.889503340335203,10.717048828933063,4.994516739463626,-6.489772592368254,7.1561721972308,8.59069354963546,-6.834662966263932,5
-6.160871635613026,-5.387140919552862,-0.4870964365993524,-10.06713646691702,-7.119133151448292,-8.763333250691291,-3.1589437898429074,-3.5981912170718084,-9.578033643372054,5.764231743081522,-3.76330918513798,3.8613342446551013,1.257594543081626,-8.403970561780334,9.069122951783664,5.029980030610418,-7.143084073320498,5.073981337669773,8.331689489558771,-4.976731428632672,5
9.592945081358643,0.16126876413463886,-4.2768693322890465,-0.8567426836934936,5.965639740455606,-8.21913852266601,6.642956833950069,7.162873764312385,-4.7618086790999445,3.1321829509783674,-0.4940314793299788,6.254811371397819,-10.274192477153125,1.0664419072425138,6.34714807295404,-6.804730706903934,2.9561763897601043,3.403827193690673,-5.632892780482615,6.864355027751984,6
-5.236341517338984,8.676989635159874,2.7408348703051786,-3.3085832248103837,-5.780866401978133,-7.3421622611778155,-2.869008833911175,-4.927496215503855,6.075225951035174,-1.5113743303348186,9.617331431136098,-9.369200023373947,-6.473409788270035,-7.54514633467806,-0.9187759237813082,4.66169804490152,-0.8676781427949176,3.43000506951718,9.49297808923745,3.9257147800621506,4
-1.0828916689010222,7.055165245259791,6.4513916123077495,6.3971664201160365,6.343626775309021,-8.657253482939613,1.1564897340226934,-10.254571472945745,3.763389977968189,7.569457466089147,-3.868956364141032,-9.751970461698015,-3.752184859842413,3.986269686108815,-0.6132944667962158,8.903955751278575,8.326472878975716,-4.581512901030161,-0.6504991086806915,-3.989239428973911,0
3.9159270330882494,2.9358432715645066,3.042394895250541,3.1771834452926213,8.24064134633124,-5.253657661257285,-6.762215183718063,-3.6568877522908534,10.253987157990029,-6.033541527878837,2.9888279643455067,-4.004215107968871,2.1329752312502817,-4.673847888530787,5.3042505248225975,0.003841917896383773,0.9641441561805871,-6.771045288859969,9.55038847983758,-0.2468686012962562,2
7.835107098738626,1.4295795460097898,-4.539549713746369,0.6968835916739917,4.551287912496423,-8.13651798386232,10.285107098520747,4.077554782245661,-4.525839491212884,5.01697781289398,0.8796134994686038,7.004134394272739,-11.137211977321812,1.3456236246613869,5.751579943101499,-6.525762990294935,3.543706503212753,6.378397521748102,-2.4863475843512672,6.614596268682149,6
-6.701734165034306,-8.00941664247802,1.1487066550977396,-8.275188094963246,-7.782019185510832,-9.22896641073741,-3.916695691639953,-1.3025980630220229,-9.183267639738787,7.533726629125936,-4.342485700648939,3.5398375959761106,1.6639787976396558,-6.945099736062328,8.930686064148308,6.215886372621397,-7.813481195489948,7.575793066353662,7.492797859291344,-8.406571148112256,5
-4.179435670454897,9.75986828436916,4.619921618343083,-2.055058512205111,-6.509239796565525,-9.119728434465335,-4.886161705657379,-3.9104020106566564,5.681072624094442,-0.2349538227052499,9.141921544347117,-8.87189033061469,-7.40043001103285,-8.360909401326655,-2.7012641350538136,0.8244995604335978,1.5154262335994728,0.255782552817825,10.126698338466747,1.095100471220082,4
8.59918311384289,1.42439730186039,-2.928374350085842,0.40918211799279214,3.6177170932719136,-7.65077233139718,5.407666754451082,5.799014283594602,-5.522538464958309,3.6530285149898223,0.07246451244625532,6.7852632572560365,-8.81254364830522,1.9047083393203463,5.128905218668048,-7.5082088071534185,3.318208291635582,5.7352239724716325,-4.206209178689146,6.75591372204135,6
-5.326266639734617,10.234936967517127,3.0981823798503836,-3.141415665810409,-6.016239505480465,-9.076482451006095,-3.285331217176066,-4.344971976479856,6.550823722154716,0.18923358022632897,9.447976963452144,-11.886730859279751,-6.917006183999641,-7.77104517662811,-0.9483914728882527,-0.45142945007375124,0.36170032153521947,0.7677876552778461,10.895295864984062,3.86727972685366,4
-3.3062515841034426,5.529647720990474,-1.2662992312051577,-2.0199810296353204,2.8774847226969746,-7.69459068622572,4.28876121778735,7.110371793412822,-5.846733220876942,-7.367244229369084,7.180931610906333,-1.2918133532306413,-5.399323479506198,10.581150261822124,-0.41321685995409685,-3.092125738511686,3.050506972934761,10.512816843232208,2.2037289183100044,1.4700063980831097,1
8.9160482123919,1.9828357333488795,-4.1318389398879924,-1.2176093223950741,5.176696360709205,-9.31407047767923,8.01902147699826,6.1294098771823435,-4.053730124035576,3.698609021065168,0.6853380335630168,5.417509951880658,-9.75317483457956,0.17625830193586367,5.397913155788534,-7.001343158203886,3.4249211577630363,5.672533481945955,-5.771942323056813,8.091649270517191,6
8.321730423286507,-3.204574874800021,-5.825088214179366,-7.441123538664285,0.6429398844716123,9.83238754050668,8.710789099264586,-6.456882369111262,-1.5606924815518515,1.3388338340287802,-4.254283391930684,-5.873329520849259,-8.53609571094613,8.86170714116218,-8.346694058847424,1.4643216674996642,4.8849565024130115,-6.588975906214307,0.5298930491543392,0.5009573389401316,3
-1.277464296663494,6.4072051793280025,1.1427470901032926,-0.5377475110280121,2.67262294727813,-6.433407196620456,3.593542284174098,6.951867710283802,-4.690894196756367,-6.150039650740088,6.075589036915023,0.12942363233747511,-6.335685001226258,9.401299285878114,-0.37686231071898424,-2.4335668151479943,3.955446892021097,8.416004345431272,-1.1216229380314573,0.7480887449608411,1
8.872710754471369,0.08355741990304444,-2.6891994897184035,0.77958548606495,4.92224861387964,-6.6149176468591495,8.17026476808352,5.21571915512184,-6.584056293142345,4.698323480886293,-1.096808149581759,5.772922195955064,-9.121615454518242,0.5280596361060582,6.388345444431186,-7.762248726733583,1.3848770366532364,5.225614210749512,-4.928509427482895,8.076095555092868,6
8.298962661286488,0.5156115023787243,-3.1263815444235235,-0.835771180741688,3.9733028989753167,-7.176552618754532,10.334575784949772,5.12212402558844,-5.812842194384771,4.461945134402217,0.37529031295329957,6.18429603952788,-8.430527954419226,3.1398142579270494,5.631884036865752,-8.355935816133979,4.612549176868199,5.671331000163553,-4.32070507074985,9.805372776698997,6
-4.8651828221444315,-6.658566215707061,0.7914316337756508,-7.428804756825031,-11.193939555356769,-10.569665976347165,-4.178603686232124,-3.836902176316836,-8.96630559443368,5.891295426058351,-4.76014021364571,4.586814938045559,3.511136298296282,-7.611248856952349,5.427306828733137,5.279743324555347,-7.2153144381355725,8.393783930512718,9.213875766556548,-7.3045270181764925,5
8.419162361105577,2.1918656082720784,-2.1187590229395044,-0.47881369868839996,4.445431323662701,-5.787067919901295,7.308437750476947,4.539434940512532,-3.9019992072544643,5.063242002291216,-0.4911527275116023,5.437468965957768,-7.952577917504115,0.9885743310255519,5.5221905333362065,-7.497549635951538,4.566592678418148,5.12460327634306,-2.730974136995937,6.298869058624161,6
9.840498520610941,-3.9440117745778056,-6.786415407995718,-7.730457353446227,-0.3907558880329932,7.654112392709971,6.7766200464280475,-5.065357071831778,-0.9556300224380072,0.25727632003540335,-1.441924698874789,-5.747268202834799,-4.848216445568985,9.813188215449513,-7.476498523174927,3.510213026421031,2.433364256375569,-5.355699953234027,0.6776490558406902,0.13573257910996928,3
-7.270551747717638,-6.099789369700968,0.5942705867240589,-7.9939599447776235,-11.070983250535022,-10.196002817640235,-4.101524613213637,-3.443841797936491,-10.170436753833243,5.306986065027097,-6.164171783708804,3.7959663852244674,2.5037928736582056,-6.7634961919063565,7.9166404342722565,3.587006716634866,-7.385379535825725,7.496025652655875,9.709670068156035,-6.555580216331836,5
-1.732700460506272,4.820773840702137,1.374978820754697,-1.5474425805539307,5.16130315636457,-7.352938469199415,3.9676993089051473,5.51252127969436,-5.244530821906047,-6.56803685830133,5.671889214998537,-0.07696304583125213,-6.074958222517855,10.339592278925604,-0.56098036916921,-3.660356446835964,3.477340262391665,9.04858228766912,1.980932018428914,-2.198549902371587,1
6.468178421788785,0.8861729601077415,2.4142945914892713,2.8262813989187903,6.83002643524467,-6.757092679164114,-6.912021391500533,-1.6797576509692607,8.712338084647916,-8.167448674755704,2.509009613617076,-2.718092001879725,3.8530105534522843,-3.2200772385404317,4.19802108867569,2.1433686632018913,1.3327870367263062,-9.047461128888964,9.573271372954219,-1.657461745593058,2
-5.686868357893434,-6.619994461008398,-0.5483428082853279,-8.473817784111253,-8.925996637215038,-9.867015415978788,-2.4694653763092185,-3.633719815500545,-10.677318958357095,6.521370347717795,-4.2961766569473605,3.7180329552466147,1.8805944235702539,-7.389321458260179,9.43550255873654,5.1621099093549185,-6.770282193229963,6.767069785687328,9.426970615971092,-8.003868123767495,5
4.995410470253439,4.824121323413049,1.609231385210451,2.6626338639132583,6.762755820834312,-6.218530247874464,-8.006100220377208,-2.0128168086911447,9.945854705823042,-7.925238988423274,5.572565499043282,-4.910964624592172,3.199278744613648,-4.687668686402728,4.681384373270815,1.7484517584872894,-1.524068310907352,-9.231191408707843,9.431164925033373,-1.4360046864606104,2
7.593076677656346,-3.7785354533205417,-8.415336385849772,-7.567512201905437,-0.7701535946218468,8.969060107151751,6.397038152483282,-4.272010118009724,-0.8047226127662436,-1.6423632819157234,-3.4042995804890888,-4.750526271200095,-5.231680241389255,7.447011682658726,-8.625836829051224,1.1560772889184447,4.544383307798203,-5.0955370581946005,0.16960782426049736,-1.9658084630211279,3
-2.273446959791964,2.6799078768355917,0.2877735111860359,-1.2630304336913487,3.048603512484198,-5.591089266375399,4.948856771088129,7.415184691989155,-5.8151567121268135,-6.112659680673326,8.5896282674122,-1.5702868156028655,-5.778867982479704,9.676467207965022,-1.3702186425775909,-3.002967027149192,4.12622825183438,8.909578592526744,-0.7354262418007238,0.17486837538637023,1
-6.867091011902719,-5.988474951972223,-1.0216531635246586,-7.9234204135471575,-11.88803546232402,-10.199588464098174,-3.525296740891579,-3.5968174560330297,-9.110949948156412,5.630141777464347,-5.210256106092619,5.483560511728828,3.7369497293414655,-10.027553912232603,7.103427530176193,4.351030985820902,-9.612888167830919,6.680786470061079,10.235772955804848,-6.725544722434333,5
11.320082575464863,2.2596893936249076,-5.103177255346971,0.38802498036655453,6.706716742662891,-6.7973671358838414,7.53544180811506,5.071975835515026,-5.428892943177441,3.2196279711038542,0.8440254622000004,6.108415758672292,-10.357541275132135,0.9622536647115777,5.415655023126026,-8.439333719224242,2.974285083572985,3.443212884186699,-3.2041039068921573,8.179159673642442,6
7.857680364481193,-4.207525886639312,-6.833497270577748,-7.110395288849416,-0.17548992666291327,8.689468576785638,6.728401272942512,-5.701551687410979,-0.7900499274577389,-0.32267678364029184,-2.427933204692248,-5.667737208275738,-4.312574717772954,7.555396429070661,-6.101704517549536,2.534050346219966,5.234954193499745,-5.604743049766768,0.14546784393645668,-0.5562180913193233,3
-1.5661765596086965,3.9933384577899007,0.19267033734021677,-1.5207086000872605,3.719005669428991,-6.007710542938149,3.19896114683075,8.383056652903186,-6.719180045049968,-7.979224616073038,6.675823459092047,-1.334677630926818,-6.22423846260775,10.494311624408216,-0.551716679465446,-3.3831692060703737,3.649956659592525,8.931640453621325,0.8893952878628514,1.4867959846851664,1
-3.681715092201391,9.819217056726561,7.060193566414532,4.703775451618316,7.174066576757423,-7.303361220153408,2.952584228568938,-8.985694511588857,4.182011695426784,7.533713406824976,-3.293777208673493,-10.304281474544306,-5.683110845709114,5.036313091803344,-1.2745604369330383,6.727875839837211,7.913211024780374,-3.456157682220546,-0.46351788823268114,-3.6243477925872725,0
-2.356950575460764,3.040664368866457,1.2116062974799273,-1.617196537142723,2.9653616588765095,-6.688654637447037,4.569838564075069,6.391491459228744,-7.605369196588993,-6.681245854437933,7.03131089408706,-3.161540637374054,-5.623334229736043,9.506941133523172,-1.0599110991077771,-1.9255168755038834,2.992725150077079,9.286263407588075,1.8110708291408415,-0.7916848903844242,1
-6.191348841091093,-6.5147074683902195,-2.2382648995776435,-6.997823846577244,-8.674424360315214,-9.860653031777288,-4.678200884972194,-3.9277372073886987,-9.902395754736954,5.701876747034379,-6.194586052679735,4.980942049195441,1.806668698535735,-8.826647820384212,9.22519058309724,6.584176960277328,-8.01959024441345,9.841539909219897,8.498767177695187,-8.40502998466938,5
2.7158155111349456,2.303590737816009,3.0791097436622503,2.0382689847217605,9.430849488253402,-6.38000317787567,-8.337910928676553,0.4969953582086726,9.574135176276252,-7.7680665226174135,3.7485619427942076,-4.005200818271521,4.43841920891899,-1.0668931600299998,5.300964691907734,1.1459989293816908,0.3846985607295541,-7.76406115403795,9.041389474527854,1.2240277397451313,2
-5.820073438957398,-6.022128172754008,-0.29138020861779795,-8.762239103227298,-7.569778928356028,-8.367396586234133,-3.071928753979958,-3.4825389528169675,-10.115751301353608,7.321878614576477,-7.399802353015682,3.8613607841515685,2.532986461598805,-7.6668616435174135,7.239993052048503,4.157232689881999,-7.703740022015973,7.56225545483589,9.712845369623297,-8.366385265682142,5
-5.2005512527633755,10.02043879171448,2.6484007026858825,-2.7808299162494583,-8.702779044874756,-7.575681632343966,-3.0870842239415066,-6.058216596498722,3.1078949202887354,-1.6111962465471998,8.98506559139995,-9.14739185741439,-6.550611841499183,-8.17157090623935,-2.769114164914251,3.0380302762243794,-0.004455980198199094,1.6559120901925743,10.15333568062029,2.2570612449493144,4
-3.642672649123712,8.938700555024132,5.256032911667483,6.750713441079174,7.9538088721776194,-7.287047118892438,0.6437146759887445,-9.82831557853849,2.6849249293127437,6.298705566777627,-4.088252716663819,-10.194518329804618,-7.049804514937392,4.362028270981958,-0.06728417196329217,6.228898645412917,7.407989672321497,-1.8552150346121064,0.5932946501311658,-3.916780945715122,0
-0.6119361408748405,2.4177287111152763,-6.66474482198195,2.500455744507362,8.37179129244106,-7.8977915172055155,-3.9054253753685737,0.18053617028188507,4.654465229685162,3.2859921025114085,-0.14852708038071555,-7.183391390971206,-8.324904870245607,6.629745343730201,4.957963568232413,-3.2053838150344034,0.011015249517241699,9.682092531829529,5.236633313562811,-7.060157044384784,7
9.865734573994688,-2.2975933000895914,-6.225107866880003,-7.511532075674537,-1.308739958055945,9.594453750843655,7.202198039865794,-4.131689056746731,-0.6004105359645623,0.3583921879685632,-3.708227677884911,-4.990808040772844,-6.294903523037947,9.259476382527147,-7.268650929889803,4.651337475517179,3.774330526983084,-6.9495141581891815,-0.568254913499649,-2.581138306790586,3
4.856106618013187,2.1849348329525653,0.7823461068442776,4.787829510433302,9.916098175155614,-3.80497750918682,-7.326528889164157,-0.30090392503270347,7.6660775018413805,-8.367167337210425,2.469348454115238,-3.397382938872403,1.9477984909763937,-3.2661403255421413,5.203825588902489,1.271492969860283,0.4410371510982931,-7.876108178282208,8.912159493183728,0.5281416806260366,2
6.820383468455462,1.5679595189316542,-4.164012938987719,-2.096014068368909,4.20801565272093,-4.637287044126685,9.231934901136,6.563931320546717,-5.322785677945097,3.6023854239019273,-0.4277815104075774,4.832294453214926,-9.092125849138318,0.8104496738906111,6.894942522903374,-7.867733164983574,3.3813490283644314,7.708834887146249,-4.64475437236064,8.559847970410251,6
-5.195612410377497,7.287578341410958,5.080289565776315,5.411402200684351,7.101120789860627,-7.550825858759976,0.9231555969102337,-10.065976237807398,2.6124214275845765,6.623804527060026,-3.2563779428327604,-9.357496715386755,-6.244790367079307,4.719351006876161,0.19218417613114214,7.13934381202359,9.106547846456849,-2.5845832829088957,-0.5043703424204913,-4.414890874751844,0
5.07777894708968,3.5067012314399615,2.056045830833823,3.4558011392919186,8.320412776367323,-5.716702595564654,-7.497083549465243,-4.9665177694802765,9.175028537987961,-7.751616272176408,3.6721721659495796,-4.205441642461166,2.955417672027683,-4.00718263192424,5.088677911745863,3.3491170625087463,2.060646237412233,-8.676709647930105,8.988853501922693,-0.09395552998566109,2
10.50858299176509,-2.7065098080820587,-6.941191714836441,-6.7161133532106,-0.47982344840175173,8.05702837559797,7.638767794915125,-4.397961153635249,-0.02925048580075973,0.749668234444782,-3.267930353228814,-4.891013064036418,-5.988093751555242,9.20171471960797,-7.422852665589693,2.5829415235512037,3.91719735456404,-5.510395646556687,0.39733717029851034,-2.451427476092364,3
3.7943936613855946,1.4783547014579712,1.161516632488522,1.4542743042569009,6.541651879869459,-5.717580766441164,-5.758166672029114,-0.6269119068664832,9.892987765015082,-8.26802456509395,4.348704701271268,-3.3984182334963386,4.830296522398845,-2.9373894261338336,4.988842540626559,1.0089786549914386,-0.1273253038576979,-9.059018591112629,8.55753309815581,-1.181605130598053,2
-3.7409403905511205,9.449201566919335,3.586131056083234,-5.1446728218893725,-7.660475342308106,-9.936687460481567,-3.1410109224942935,-5.862819302408427,5.56843820459789,-1.4762188754051218,10.451240574256445,-9.926240484390373,-6.796101993613055,-8.947311132676116,-1.4445184332989085,2.7916980596305936,-0.6418880683521804,3.2303514155863864,11.313966377750399,2.775047775862923,4
-6.869895923775347,-4.360691769940444,0.7707724251749147,-8.10562199242467,-11.342097531642633,-10.100031403572059,-3.6546351373696107,-3.2929260471666764,-9.960331483005543,5.947877724571051,-4.8610035210564995,4.646457003046421,0.8907146801467982,-9.214060620947818,8.922151076869886,4.270383079875662,-8.250778709299912,7.888292313582736,8.101021057806609,-8.436331858328135,5
-5.228644934364428,9.479389958724742,4.194943534831555,-2.9756085580906415,-7.891572287058049,-9.334853757518143,-3.416469275961207,-5.212438153530548,6.392566170499397,-1.4466699923915844,10.925681039740693,-7.953652040591946,-7.148869417073725,-8.004581305969328,-0.21338839668725829,4.227035759903419,-0.1465926764748806,2.284808817031092,8.117346952756211,2.9361114232877106,4
-2.134535397818315,4.671917158950204,0.6766865050043815,-1.2236397285747291,3.3937521209893364,-5.903096310026559,3.9299077288350914,6.610844484945436,-6.883998335656532,-7.219677957018274,6.673761609341701,-2.8488294445570532,-6.799376266703506,11.346724733329687,0.013229954206959937,-2.4148965557728563,1.9466452139693091,8.929435035169226,1.3341732926059735,1.3235482699736218,1
-5.761786379539458,9.549071370346855,1.2375914204280933,-2.7247014368861917,-7.3209116516679185,-7.340725586581258,-3.061234914860663,-3.7039291198253146,5.444392421786565,-0.37483479144014964,8.621740813460297,-8.853080092698395,-6.071144137544443,-7.5429425239202965,-1.14811563006457,2.6239991504512203,-0.09163859282071524,2.59764214779106,10.837116741690627,4.119507161437813,4
-0.3154785276503338,4.630293354228488,1.0736184864701193,-3.0846957173657743,1.2889935279493132,-7.172669659205758,5.098268072838474,7.973226603239014,-6.141966386226764,-7.397522849113027,6.622726933056198,-0.3974616129913482,-6.689504498238074,10.928796717741083,-1.1086250258923989,-2.869909254347202,3.5795633203469275,9.811945121521553,0.8222845179440703,-0.8947988682664214,1
-0.9913020929399309,4.36644733437703,1.6558397283332895,-0.9702673186156572,1.2906910646917715,-6.836153865442076,4.579681264848508,6.252898294339546,-7.512202376044038,-6.449680469572273,8.214746296820426,-1.3550597245667722,-7.499132056299132,10.345819457357154,-1.6852834209147904,-2.9839465847729225,3.703885070378015,8.547134729090006,2.9086939658732573,-0.4539096160133162,1
9.434785258485185,-2.146576534508152,-9.155544489529857,-8.499250807144579,0.2337615654330234,7.702774978276545,6.875564670827157,-3.15102578381979,0.008995456096649174,-0.9317714401552364,-2.0400542097892433,-6.115765024979286,-5.956660339218355,8.067462714531423,-7.4878495596884225,3.9947750099431207,3.0250696186634247,-8.080094391750539,-1.3118622891029537,-3.450658763715199,3
-1.5861074187012054,5.237768681654312,0.9381992308611311,-1.677958348394008,3.453910084932054,-7.0532074805474885,5.115040801247496,6.789692789405217,-6.230320583046261,-7.2427888068183774,7.195729235518251,-0.4087207978581864,-6.897951366180779,9.818629853374858,-0.07404486728441856,-4.05080219982601,3.8990476966580916,8.796083715321576,3.469995149715663,-1.257779798522956,1
0.4477546500194283,3.4968293308387715,-8.150178881339677,0.9687185662930888,7.807384767574166,-4.365680046191702,-7.473505110648576,-0.5208693962948718,4.309626313246963,3.399499975559363,0.0799100119092769,-8.744610879126723,-8.435329921596365,6.834604941050668,6.146742864461014,-3.29640835602701,-0.5887023275483783,8.435068847681963,3.562198011728817,-7.643639939884198,7
7.362457165110738,0.5270924782541782,-2.7087286429177198,1.4015206913937517,6.6843139347524385,-8.107526559685136,8.416324089545347,6.082311004061907,-5.576540070268677,4.372461436419109,-1.082612760143208,6.504410635342384,-10.167266983315415,1.099664754161634,6.433352060222437,-7.295927796692987,2.8854947936573088,4.071414988181246,-3.086480664815535,10.097505906823802,6
8.624365769886358,-3.988241681070008,-7.297202507204674,-5.412833386356359,-0.004922881895923659,8.394656171419143,5.7479531325941275,-4.19295164011797,1.2070208094753003,-0.7635645271716784,-4.294877593417326,-6.25996649279555,-5.978304450279386,9.736035047128205,-6.170365809068272,1.985483562573661,2.4593604288234987,-4.748297280059173,1.145989100815396,-0.825157343827478,3
-2.783910029195357,10.992228041098933,1.4983557772610325,-2.490282032228456,-5.638272057112697,-7.226421732540477,-2.887413999208925,-5.207249952512763,4.465014060176903,-0.5115680807461582,9.438554810446984,-10.088798102371525,-6.020287529795044,-9.000903463004628,-1.760042937999943,2.1049790525692846,0.1016004482885502,1.8185176946473485,9.168390320563416,2.931187986262092,4
6.980801940977888,1.1629501001267946,-3.726445653179362,-0.7504431029459904,5.317702636623989,-9.092005897671452,9.48286940739137,4.825229598375706,-6.600646591734819,5.651892598895139,1.15921160737863,7.385880440952368,-8.799452378665272,1.5439318229469723,7.473563155214118,-6.592183491905499,3.329924892994391,4.559773443131398,-5.9741949820434925,8.420859031881065,6
-2.9587040567005323,4.979823144544335,1.7908733592447423,-2.2342632389001187,0.21623664242047402,-6.247355282891347,6.1969288683429244,6.244865902892836,-7.422660208295235,-6.410558499819502,4.842090173966878,-2.1802852678314624,-5.471480148694678,9.287635259995172,-1.0512075601885402,-2.2899419232031373,2.3771364216917603,9.790276454531977,1.8924778741701715,0.6762126629700767,1
-6.102472174323243,9.64887294021328,2.496732255463054,-4.943848489380271,-9.74635916738604,-9.738887490821785,-2.7756950557256013,-6.27437875773021,5.864100739549665,0.19772994305906666,9.37906970882111,-8.909393476784194,-6.682677681309332,-7.668711472306966,-1.537386699778073,2.4599511094544355,1.2728853571806265,1.9095371617772336,10.3042350985304,3.2880202726907894,4
8.289765249340196,-3.6303882032953454,-8.508016455997778,-9.019775079288987,-0.6861473171166395,8.64170992701066,6.770565720344519,-4.2450523586795335,0.5673407019637187,-1.7083718833232666,-1.6994145277608679,-4.457652921174786,-5.600231526717802,7.222587674086206,-8.067362084440619,3.386393363652589,3.390663329202803,-4.730136319829911,0.03529195656554923,0.6083857810066886,3
0.4361370001233754,3.8197980680622186,-7.132045138441146,3.288833702955406,8.768771971684778,-9.00183141192213,-7.5129638901070415,2.7342875531249393,5.831798831639592,4.675532910336591,-0.8225822551741271,-10.298154803324232,-7.403627551688837,5.409225640008803,6.667207769868266,-5.172677568234953,0.007647040291095253,8.719680125676494,5.909697070439753,-7.145232287161701,7
-3.5415371394421635,9.023605513232333,2.3660710335686845,-2.2425417824885328,-8.765201086621072,-8.682762545316404,-4.222954299653294,-4.74082740293943,3.307955732571121,-0.7528538538913061,8.969862136890718,-9.185147894473463,-7.076447562809982,-7.980819360298512,-0.6609688887316649,1.7352158966308608,0.8479730524939871,1.8840131918277692,11.089669182421709,3.535766327579967,4
4.987432625386759,0.6061156870855422,2.1539013550698987,4.853038018703586,8.764557280152907,-4.197913085476049,-7.395428308631395,-1.5262444051241606,9.661512283743246,-7.426189037818847,4.0326843960046155,-4.773169670657863,2.7661009005133224,-4.219955502469624,3.4655557517502595,2.5857536816598192,1.0476682521037537,-8.077294085086685,9.175908840922034,-0.33285471107779946,2
-1.6780268643577827,3.3651438701647325,0.9764841191984782,-0.9109399428157047,2.1901072995998034,-5.908414479619037,4.818997376333805,7.389853003116208,-7.092809971186075,-4.258470950407398,7.235284441297204,-0.4225827525578082,-5.661670740029361,11.139680348115581,-0.24566635499493839,-2.3777498092663234,2.927185291998327,10.230918151921085,0.8771603283199615,-0.806790150942513,1
-5.08833779110965,-6.8189319438745715,-1.540432762145139,-8.435352794567686,-8.720768882925723,-10.396122766310304,-4.880669615361638,-3.906215918625325,-11.431613682012205,5.083648364605423,-6.394635794585226,5.066103808107263,3.458371704866453,-7.1210593956245685,9.130116996933165,5.5387222625964565,-7.953591996236784,5.981917864865416,7.908935964734508,-6.7344500936191745,5
-1.7240262375656972,4.374129237020664,-6.120227531148313,3.2844827534197765,9.652342075812097,-7.909831385178451,-6.064942197400276,1.58356806945661,3.688303017622073,2.124296927229451,1.3641405529191857,-8.489078950279005,-9.303013530703215,4.1823668784280486,7.1036693401051085,-3.149695771066953,1.693233841182145,9.264993986592202,3.2652918822694925,-9.078750861452612,7
8.225558329057577,0.9104661718094695,-2.6285733652961114,-1.2272565954776447,6.142026445562093,-7.2725285504686,7.5190259524332985,6.450007446780816,-6.122723744221607,3.6126904724309936,-0.5637507237595287,4.9985168600092615,-8.504727420393586,2.875446209039456,5.833234589164298,-6.988992750919336,3.58818449770689,5.1380281665209875,-4.265817072253613,8.030529799195294,6
-3.0095417002592564,10.214401491172769,5.983474577812538,3.423577352864493,5.977456373852221,-4.256058230517088,1.901812074578224,-10.13987272688992,1.7825041038556249,6.886245705804836,-4.815432580082247,-10.440608222516117,-8.272954863332343,4.70887187701477,0.9570936218945933,6.917148470102752,7.847003413142451,-3.9271812893068465,-0.46683517015624215,-1.2742222451642156,0
-2.987840310265824,9.87932170167088,6.935970059685419,6.274437786363035,5.423632899965053,-9.508437335871394,1.4138129551477523,-8.693299905596819,0.9731828777899072,6.51709678180752,-4.509906973374129,-8.934484607689962,-6.214821294754655,4.034854790727509,-0.19839255228475927,8.675173977340483,10.355765240926248,-3.1294184148271693,-0.7545362193647527,-2.453112324069161,0
-3.6507030472094364,10.102274107921374,2.937046787063833,-1.8972348683088238,-7.299558067907908,-8.6371039896634,-2.438032180948694,-5.407412755477692,5.0403337741483,-0.1789546293290185,10.407951420870301,-9.339475094445705,-4.318964611752038,-8.89033785601349,-0.650557935753894,1.2548103704499147,0.5287405516726954,0.46822774473255113,8.809081901643934,3.767279500032265,4
5.223752710810405,4.488959516791084,3.378496747887108,1.4925222413124337,8.282207443504419,-6.6455462333293145,-7.319359418605645,-1.1666046766820657,9.506105224482383,-5.585956538689941,4.729665236302333,-5.131887145687873,2.46359509532992,-4.665200278018332,3.492615793731009,1.6355008770348973,1.7915573877681514,-8.540910978281115,7.2994013061718555,0.42938596088949177,2
-4.48067975186904,7.211168878677752,7.502803015338478,4.274795375028705,5.456339413780082,-10.220161730715244,0.5456379744214201,-8.526605351782703,2.8103292089155896,6.159929759277416,-7.192224188695519,-9.325571850029311,-5.804875020365136,5.532737365525478,-1.2674141632982976,8.608614388311548,7.182231039954911,-3.919446356967608,-1.1171052634191798,-4.618430205313318,0
-5.807376049611376,-6.93035555378929,2.5063269301043563,-7.82436650843903,-9.655445376100516,-9.31579967599363,-2.1416386970902095,-3.41200980307881,-10.841571954405406,4.363762280007664,-5.369744380840081,5.936283567840997,0.6872473581636636,-8.70620416979937,7.679672557141608,3.153547495097329,-7.695120602468881,5.160397375897518,10.92558459344665,-7.715311274737481,5
0.2463695267235978,3.5003036585513474,-5.770211433470391,2.0258725557837076,8.503443374146594,-6.702505520930134,-7.1088988681810035,2.5445388777627915,5.677554019335975,2.8864235187918443,-0.7262184724175899,-8.23022588034363,-11.714596086614485,7.113310223319074,6.694519967547104,-3.959149904808231,-0.514607366177894,9.082957132948,3.2738707503128426,-8.13972325058236,7
-1.0317199481209813,3.427294930246733,-6.7188860164236095,3.0270912983405776,8.35319690889578,-9.443743872849234,-6.326060193239329,2.121146659115306,5.474223482330162,2.837036775332824,0.42863129370627806,-8.980272164183027,-10.040843888794267,6.5828818448314745,6.108926014349236,-2.9858431087385595,-2.8183937771780174,9.006353310860883,2.2908247953978007,-8.530076344767295,7
-6.496443253378382,-6.752205938371656,1.3280292019171893,-8.115397467822493,-7.237393894213668,-6.635284620210884,-3.8659741250186994,-2.672663097450057,-10.08260150039213,6.093663494946893,-4.948675221768041,5.859969174254586,1.0347994110510337,-8.769738113337088,9.657253079020506,6.094913541720877,-5.661310119733409,7.448393046439016,9.028993950117366,-8.006815936246348,5
-3.8611257750623156,8.252030903872804,6.874918620525618,7.7844296409958424,5.703327080791859,-8.644419910009193,1.0505014182051102,-10.117559506781937,2.498620390436667,6.33010591520956,-5.37504048767105,-9.761411067299111,-6.268033921136149,3.9054267749344724,-0.03573993152750632,8.827311298777623,8.789771543965042,-4.326550160498878,1.3191245348421439,-4.0365224575233025,0
9.402459168719819,-2.701368010084819,-7.044563863367953,-6.966357661095781,-0.4212488082776349,8.7975146846845,7.435391728639363,-5.929437564958177,0.2745250918993472,0.006488202528207143,-2.855606431177639,-6.5504200693155745,-7.308597221272976,8.777231779322573,-7.525219958483821,2.372581360479262,6.075408887034872,-6.087467665799646,-1.894351743558683,-2.3785197585218016,3
9.211972273780837,2.1445614448277808,-5.604183858014078,-1.9920763283561431,4.7987964593102,-7.643806230558816,6.0651273585385646,4.808317533050537,-6.317171582715061,6.201731640215305,0.03875366607930098,6.574368245967917,-11.051070537320674,1.6590675133328738,6.344973331814102,-7.405779604837318,4.235570847463961,5.4246513128414104,-4.8648094835322855,7.469272012833887,6
0.4472320288444395,1.9870610273353613,-4.889550658629322,1.3600678539450364,7.61687438327238,-9.029181668491729,-6.475703466765734,1.3564401006379097,3.4387170757835883,2.9595168936519674,-1.0778954495445905,-8.840050563897375,-10.265719599480324,7.675124398124913,6.244489695929529,-2.8443051873768272,0.11842931559846726,9.627426153133197,4.155063396489449,-7.776071571274147,7
-6.65248902982549,-6.99061363488872,1.6137486727116386,-9.501298333980039,-8.427818914120595,-9.045343549570264,-2.736592786590232,-3.973946819188588,-9.980427819111256,7.205064405806992,-5.200148599314812,5.2273034866671,0.7063912106955079,-8.394322886960913,9.2697127031393,4.354378692342898,-7.008945519075344,6.011745641045825,10.44686793117984,-9.422968287748523,5
9.57144088397638,-2.5003188382644455,-9.348944014500645,-7.5711907167056465,-0.10019066098333229,7.7255959240426115,6.361536474843208,-5.224557558911093,-0.9495735410106425,-0.21654878738959055,-1.158262478614949,-5.5905803782904995,-6.384373491575592,9.188309843704243,-6.992413108171888,1.5395063690604625,4.262708501996035,-7.687950525216652,1.0854622959054896,0.26776478038905993,3
-5.927147752689396,7.508965530317423,3.2339284897076013,-3.4512326505777597,-6.47864780417535,-7.192061809571335,-4.045655181567774,-4.353252193250329,7.875766577734705,-0.5257644300121569,11.682439642159142,-9.28678267895235,-5.939066604948826,-7.771983677094843,-0.7378219012979381,1.3708311052207174,-0.11017792138360266,-0.04426948348991466,11.008111197917266,2.2878591973493285,4
-2.9869976699211205,12.387743428320363,0.5791079553257403,-2.348119697262004,-7.784132859206404,-8.78879601092312,-3.7594165241698034,-6.0520213227631565,4.073423012957151,0.9005900622429301,10.1244027195997,-9.573649011226294,-5.398191629950512,-7.470095012695507,-2.1007109088560787,1.2168942854779536,-0.8644832508070719,0.5692872724092889,9.347719774092491,3.8241494080728256,4
-5.720731114693895,9.608314475501855,1.7537140815928736,-2.9714580306524887,-8.20713864310744,-8.325681410133683,-1.9369366607095513,-5.0025204873673195,5.473414110311935,-1.1972859954593187,9.434659720522179,-7.912958823949522,-6.83955938617749,-8.49397958894302,-1.03017667939319,0.8741695745310287,-0.6429677605297983,0.4593087415980094,10.826416961038563,2.6900102657136324,4
9.08682133841617,-2.628308620305675,-7.301948646896234,-7.80350754106126,-0.8133837495400036,7.730223530073275,6.963425118676719,-4.321226774167948,0.8645076558720154,-1.1123449978700966,-2.9881413341746828,-4.73762953089861,-7.179327123547515,9.954770636412176,-6.170466972132437,0.4350487784260464,5.582587053579129,-3.610525043355687,-1.610158768833534,-2.9206094859851053,3
8.797669718573934,0.3440953102888331,-4.34743895002985,-1.7243551960268724,4.85583137128443,-6.735384107009623,8.148649441685134,3.2521928711883548,-5.832894054363612,4.825107066350953,-0.1419880442066737,6.77465877970631,-10.137785594194433,0.0018848723838771342,5.8850806974038985,-7.346951415104396,2.1952310365094814,5.036847978814726,-3.3071840244726696,7.915015165439015,6
8.66214392262194,-3.2444961164374324,-8.766524224007565,-7.384530435539788,-2.0738582750353176,8.935626662700844,6.345039479777309,-4.686841027542674,0.9116514891180147,0.054455135911459895,-1.8447188180804388,-4.887623381716314,-5.273333473236065,6.270791430441923,-6.270423955458768,2.5076836345306623,4.287479282602567,-4.519141766954145,0.23080055043601022,-1.6122315564577032,3
-7.189586090316901,-6.507248411643315,0.3694142858717975,-9.948364297386648,-9.47685135725916,-8.73987016868221,-3.958595030972924,-4.085060815031944,-10.991805540797564,5.377550881997068,-6.049442575297248,4.976719754961055,2.357144980324832,-7.866752245360161,10.300352676227625,3.281674181752099,-8.3216336485165,7.5814073339831936,9.458322983066656,-5.69864240600958,5
6.393975936345418,0.5113657572848243,-3.6858400515600125,-0.12281402703928707,6.01098229441774,-8.354624266494394,8.358063219366816,3.9528765754890522,-7.26079061835863,4.453063971722492,0.24261172616701257,6.016094516855799,-8.756395746703848,1.9780704512427936,8.187507246735885,-6.89792994965526,4.107375524299856,5.117937949499058,-4.254363298713085,8.368897605967282,6
0.07847833137904839,2.8503725542657117,-6.380293852264436,3.6962208213104764,9.11155821218491,-9.171266996855268,-6.6498707362329394,2.714599941883823,4.892796163215204,2.685825482758279,-0.4508529812116191,-11.154685023282937,-8.232691317222493,7.81453162340528,5.99147848350101,-2.8736692559276813,-1.1006416620305215,7.818552867710988,4.596482668904117,-9.559352775483033,7
9.99781691910169,0.8169884828498037,-5.046095228275126,-1.1424666755641022,5.003569222877171,-8.82232159488412,7.51023888582013,5.150105959929562,-5.046812676289825,3.9146985691815006,0.5292363511666176,6.522387649433134,-8.123449159612168,2.011726917570446,4.550000538373361,-7.316444446651658,5.238077411172084,5.621723912156588,-4.346377087868956,7.441473641708462,6
8.248075983671884,1.8941085842391616,-3.6410481727385386,-0.2546002421779672,5.11569777365214,-8.092128127083463,8.002871283360951,6.044240675062499,-7.274419678860134,5.096452785136095,0.5730507562061412,6.851044695222708,-10.416217322883533,3.8884735983776593,5.114645734013438,-7.796960760552634,2.175977966952062,4.827847097914178,-2.490893920620421,7.942454925809805,6
9.519243073243699,-4.007723713275935,-9.883233537551938,-6.032435802197466,0.05289298430760003,9.492960361651551,8.789974972119515,-2.7629746307849627,1.5726611475562506,1.166540061853574,-4.439466716242835,-5.486505488792771,-6.390787480904221,8.902946689160604,-6.894093676737672,1.7748948840026308,2.7121287575741246,-6.508287365475319,-0.25208487376729827,-1.512692260587273,3
6.852250039254761,3.287759854365012,-1.4240563185541761,-1.0643807372627165,6.133994757645781,-8.698032766350728,8.531230502421257,4.594041957577147,-5.854270290823578,3.1638144654254834,-0.8435890009165273,7.277641301022333,-9.864135547706192,1.952954698535,6.240996461470264,-7.2566166989688625,4.238280214104712,3.419754491336618,-4.2379516189008735,8.530630978417966,6
7.456150681984413,1.055026654771041,-3.8506197018856994,0.02600475208736308,5.324123855323635,-5.856702371511494,8.625394815297538,6.363002061730058,-4.373753279586589,6.382889012433858,-0.43349683342177614,6.543022660233124,-9.689499007487493,0.6654491927831933,4.566440654653907,-6.8337867981013165,4.186724942812979,5.12872821682006,-1.8704182991334903,7.879308184370282,6
-5.088753527089721,10.299663402481508,3.5138241583595273,-2.4500534203171696,-8.960206539281495,-9.563884183309852,-3.8575153683552204,-4.772271656109805,6.1928821614260565,-1.675045373563234,9.072426737104788,-9.765613898653159,-7.207276163859719,-9.449778523752713,-0.8463054491533282,3.5073107909247483,0.7169032680255504,2.0985361126283486,11.363713567137731,4.353620571132217,4
-8.015207364870633,-6.358187864545168,0.6471000911411161,-7.769615851588939,-8.147293716535012,-9.470951306752923,-2.7798074502229513,-3.560805530888994,-11.158615594068495,6.691158891240767,-4.424096961117682,5.240238425309381,-0.3633436408051738,-7.869949884393265,9.123048807685946,5.817695081952726,-7.464324778405313,8.728908110527577,10.429297033858038,-7.389649697983147,5
-0.25293817457519885,4.700838050104668,-5.510342768684543,1.7449800980527732,10.43017034327104,-6.779804913833873,-7.3771818084044165,2.1809863263706526,5.436149533259039,2.125670198060556,-1.5778587102628188,-8.821037905292487,-11.488318390517541,4.3958239873527925,5.456782099554778,-3.8781338636782063,0.7593239940099472,8.720690098379087,3.7801374162753523,-6.6640945446480595,7
-7.581142092656844,-5.588725400561831,1.3512780907027815,-8.807315725530023,-8.55710178040824,-10.002402919334008,-4.663764236054329,-4.55204938095892,-9.243233440739184,6.667769607835335,-4.940771459260792,4.015039127789608,1.0953494382921942,-7.94860559889941,9.960329536308468,4.578603207007504,-6.229643454089486,5.6636513960009705,10.571641493260108,-9.255644536822661,5
8.393307691218155,0.6268617714430579,-3.5550986254305292,-1.1640055193713317,2.652574462214213,-7.438368140440195,7.9678392549753205,5.735527116637359,-6.6719151522689755,4.252807162230727,1.6243736630374062,6.8388199904140015,-8.997331408548893,1.4581903265617104,4.415544832397058,-6.841208244833676,2.975145523233545,4.797474199640539,-2.763215875532749,7.286518143183054,6
-0.6234246428840795,3.5417703408323185,-7.839670064857079,2.474839494653758,6.786028673045765,-6.421135219385029,-7.121735443769662,1.5682764260774733,3.897629833716694,3.933160037082466,1.0865609146947237,-7.445064231320707,-8.53894407929914,7.284062182387585,6.285281366135055,-3.344644991782533,-0.7061312897120875,9.452572370249886,5.415042837607407,-7.637059676894116,7
-4.001336515319989,9.237315113149007,7.016448545349862,3.4306968062636596,6.461140456336129,-7.960140321732511,2.0022923045556076,-11.022802860750266,3.262439728335467,6.737285661590995,-5.5120731210434055,-9.672479786156709,-6.080618558979824,4.559905062588675,-1.2010118776230403,6.974344727684612,9.080880411114126,-3.4074171332818457,-0.6476367311673338,-2.695519016841417,0
4.416616524423128,2.046406530406366,2.371354132138855,2.4454852624655485,8.196652260887827,-6.4532136613182125,-7.724489912895731,-3.172804126757849,9.33329046092183,-8.043921131373711,2.748851378414367,-2.60143136316493,1.3464294657702258,-3.3445622859123634,3.484502820222004,4.011837515954616,0.3814191526811444,-8.602234152323181,6.714210695290032,1.0019323071980002,2
-6.785976488936102,-5.285636036832094,0.2653972292397632,-8.89155733871195,-7.827675696722836,-8.8942499445507,-3.363928194475708,-5.980824244076637,-10.3480842292438,3.329632895354013,-3.595264711880719,3.3585909382055004,2.6493183920015984,-5.522663008262459,8.097858635131225,4.704626314860162,-10.198450860542568,8.630878607730832,8.682708200194858,-9.11240667100196,5
0.15363282287633329,4.326698681773223,-7.178675277375791,2.6047289923810064,9.092371107484404,-7.803072600957298,-7.239631075928891,0.08908764783615353,4.76841700832876,3.672528381446229,-0.20009174015096856,-8.908753451191929,-7.773202168527711,7.705649817107156,4.6112858869147635,-3.4786359848975836,-1.4498141145984722,9.066498518196894,5.126867830786731,-8.209482824269104,7
8.849539978499948,-2.8693641798667997,-7.304163734344354,-7.5499416496970655,-1.498345915201271,9.18191085550935,7.032653614005626,-5.0322217388754185,-1.8776171038726401,-1.4325827684689627,-2.8284863562164726,-4.928455632733273,-6.3812950368560655,8.979970528884323,-8.212163608628623,1.9617707486587905,5.8961199566641005,-5.311254292943276,0.06129513880179524,-2.6013706874396094,3
10.064844656292886,-3.4638351874329123,-5.527863773768735,-5.923505837483477,-1.7393421780818,9.028162561226306,7.892088387942918,-3.98189980778891,1.4077623534122852,0.05506945748133618,-0.46274431676628813,-2.912673824437884,-4.258221847152423,10.441164079681286,-8.284325315467626,3.002413321447774,4.8208338289996195,-4.861653802293002,-0.11358441424365179,-0.12894832371325382,3
-6.488897302867602,-5.592126042304736,-0.7982778474948987,-6.762400643860982,-9.044041608549147,-9.410840501496462,-3.462839057680686,-4.197193639519947,-11.19796771269876,8.134614754426803,-5.002688014671438,5.643505287202868,0.24932009463280802,-9.941643254148152,9.119994099664382,4.116433629209723,-7.884237762560584,7.111341998992892,9.362335274544872,-8.629485505746239,5
-2.416664376731339,4.8829343440462205,1.1822115901289734,-1.291296619874499,0.3225476809942167,-6.183834116703772,5.102320482246586,5.504448414345058,-6.17442440588298,-5.550521372190611,6.411884039046968,-0.37573561068502714,-5.980049925745947,8.219934388512751,-0.29437922653148296,-3.2924298138147967,2.683639363460127,8.553639789335287,1.185669254960962,-0.21901412377191984,1
10.046162838637244,-3.560128480615868,-8.00322001996307,-7.3836677039083725,0.1159244419591079,10.047779545573368,7.577501592334002,-4.579132739017924,-2.2245367651466297,0.3669923929355706,-3.2349853476932653,-4.532729519166418,-4.9308866624634575,8.880861374660977,-8.610598780663379,1.5791913981141492,2.4023916095968283,-5.933717361728158,0.4755951677816268,-1.9984299973703286,3
1.897822342742154,2.902056778653732,-7.997310263661564,4.122804893778676,8.440112256169181,-6.50782467004326,-8.28146416299025,0.856725662242377,5.805469716671694,2.2542270659437125,-0.055735682312325986,-7.8660388290412335,-6.460557557244291,4.188013649154041,7.873606428909616,-4.867191001686798,1.1234854968085062,10.43219598093141,5.827760712772338,-7.694757020483303,7
9.820338693498174,-2.4274441030987335,-7.626438213694748,-6.1694359395955285,-1.0468992712164453,8.265070947743254,7.356271828681536,-4.421812879072853,-0.5185626963543911,1.090759500730757,-2.5843250766555306,-5.255772957832699,-6.33449861278781,7.41928838886478,-6.909435684711493,1.1693189058577946,2.1256912093185734,-5.28386333956554,-0.6055340202638965,-0.9382261633977916,3
-2.197372074877417,8.668770208536941,7.922325806865423,5.8445610941002615,6.657850272551514,-7.561924173863478,2.3335592671329146,-9.907058519603552,2.469873689055162,5.546151688537944,-5.331576719844719,-9.749881227927778,-5.981524721808427,5.706728157153225,-0.22794681639562614,7.743600398065399,9.007474422993212,-4.343770410371709,-1.3974690225903965,-3.685095178655463,0
8.385711896967251,-2.707412867790118,-7.316000243254658,-9.073622383932916,-0.23194845206101897,10.076850442132285,5.788697803272926,-3.8354888728953074,-0.9146186736282143,0.8349803921450574,-2.8553633883818392,-4.665242930623698,-4.639534884015724,10.128034267501125,-7.043422643823449,2.245071663615708,2.633361630022799,-5.9743911969862316,-0.7972998633004633,-0.030018125287875286,3
5.742366418972475,4.693920317083447,2.0784854597484954,1.9399917399375965,6.5979557973631735,-7.230541390958214,-6.428935503706251,-1.335931293745207,7.530149449436029,-6.796859611834862,3.2934099559935035,-4.594741708822621,3.1985940819308327,-3.1987247187754724,5.5282726721101305,0.22649773265993223,1.7408219539556264,-8.103580891789063,7.133100090019348,-0.10472448300393589,2
9.213752669381144,-4.670497221423958,-5.9666667868994985,-5.734911901088514,-0.4537285446839788,9.567587456499044,4.9729320900179435,-5.164002834935002,-0.5369561038870581,0.44915377910292886,-0.5566105628328666,-6.109674011958588,-6.106490740154879,7.023703124998411,-6.68145338895423,2.9237045121519043,3.527217294608736,-6.148806403453556,1.447284270754844,-0.47692855168643294,3
5.815952974019624,2.6031554236315646,1.8548052079503234,2.4010892024838704,8.62047339689449,-3.6586704046567498,-7.146930996980572,-1.6441419554117107,7.9006097882600645,-7.866158812621966,3.70373382358656,-5.796736048831882,1.8521365757966348,-2.149550953852086,5.008000991680889,1.1509509487183058,1.2959513801649343,-7.938428217812478,7.01655408806871,-0.793021567249929,2
-5.318604330084246,9.700471742040339,3.958732455288199,-3.7418219349548316,-9.370746554015847,-10.38482571507477,-4.937496225834621,-4.887259285009818,8.360087036095802,-1.2382881844069744,8.47269604749188,-9.953673281940787,-5.652061571832146,-7.567826402489029,-1.1150178589823696,2.3765903207357124,-1.4246151056964926,1.7071852265821903,9.354338255623412,3.01073302620975,4
-6.784688834487318,-6.0647394442036475,0.7948117263427048,-8.370958432532333,-9.364821931669677,-10.116155053797865,-3.673036626818871,-3.472171056610594,-9.329373546083122,4.986956705824591,-4.944121938855222,5.2693510734461,2.8822927261192968,-7.708463404506757,9.316105347456254,3.176174711868462,-8.332283143096415,6.9143095792967735,9.843900869179945,-10.167170716873926,5
-3.766699625094989,10.524975674469886,1.499611273484828,-3.1121507471561736,-9.034775949560709,-8.938843374158512,-1.937543116940088,-5.649029838086388,6.95982766535289,-1.014002635672951,8.844356710180678,-8.142160711192137,-7.237208811263618,-8.330468591170746,-1.848829438883322,0.8865560641101922,-0.618270844805129,0.6367115725983589,9.044296877926872,3.61812227079051,4
5.93501901969624,2.3958805443809315,-3.794019057215576,-0.34829160853185465,2.5989328032896974,-8.860419497148152,6.4815801055305275,8.419138945738045,-5.293130335769803,5.605455805578205,0.7068366064021113,5.288320162282302,-9.276462170518807,3.274343908156904,5.459556614362232,-6.035699091766124,4.17186960478834,4.847423286097411,-5.385280267362562,8.029395520965151,6
5.378767786782068,2.3541938402285814,1.118951685436035,2.963855556195486,7.551781116499723,-4.884412107943404,-7.219221508422908,-1.6390633253296938,8.441047318177393,-7.370772837341778,4.257946051358735,-6.986119708025317,3.189442510228144,-2.4565726285545786,0.8929622077823809,2.32254738292932,1.439700328775673,-7.281439373869131,7.935102469665514,0.9223954406845953,2
-5.114612861008142,-6.943900675183145,0.19258892879470432,-7.978909939286501,-8.573248069019245,-9.158657221980585,-5.199333561382726,-5.720152977467428,-9.916833796122532,5.673707681766528,-4.618609216458612,4.896713510541496,2.6746752028788716,-8.145685040546404,7.313130872010248,4.945039904916464,-7.205933994943833,7.9170958199263435,11.107301331405193,-6.74755067435805,5
-4.415398093854792,8.45766452475123,7.556792148749174,6.331119570616999,6.307766722514817,-7.301265516567606,-0.4779693554610227,-9.130819793815434,2.4347929039429994,5.985825281702467,-3.5172614426643722,-9.209723789151838,-6.77932206709729,5.832846208899431,-1.280032918583677,7.878690727006752,9.49748382643854,-2.5588161183267646,0.05430756859436747,-4.120199964033169,0
2.045794363344194,4.635643056419578,-6.429304573706893,2.8000660160130253,6.852220141253938,-6.723792850272343,-7.370555339755758,1.2458185414940457,4.615927488680476,1.4263393903073465,0.6901596548269192,-10.64168323219171,-9.12642035770118,4.996805537620223,5.75204145327807,-3.890291080476628,-1.00434591184045,9.914440540471887,3.732249728896884,-7.667145093026156,7
7.0827188985382215,1.8145555339887793,-4.4514264561956995,-0.4804219132655238,4.868274423799424,-6.147670535041046,8.171961563248146,6.654263929602789,-4.760098529609292,3.3394258422473713,-0.07325873908450908,5.129295873409777,-8.244064972785846,0.19735270599390065,5.982908613446572,-8.673188097888623,3.957761270080452,4.206667397523351,-5.82296955356137,8.945104167342866,6
-1.1293737547824643,3.989954022924734,1.8352661997239963,-2.471007360051079,2.19107175559319,-7.412758070857007,6.163453359869421,7.275300246113261,-5.930328574895689,-7.0566326790218135,5.582773481338295,-0.18644707868072607,-4.922023417760068,10.440551193593663,-1.500186874456009,-1.9664230640183509,1.7354667150491583,8.323063980247603,1.3686132250073118,0.4796070045929255,1
-4.599290275258428,9.890070270071496,3.3973617521693984,-2.5198839412081373,-8.12435144614736,-9.6997343588771,-2.1028703679349183,-5.013340156144556,6.088571222445576,-1.4931198320890533,9.272296222625155,-7.520735528847684,-6.813456771130907,-8.94629318786735,-1.6380037311602786,1.9958580406038469,0.023567157346004314,3.0789030421542423,8.649554965277968,2.0609596998293203,4
5.22455761490975,2.5083050382523795,2.502121262092958,4.1197995332292106,7.6773535849930985,-4.749993158757828,-10.27493411321899,-1.3701513116693196,8.853248362239126,-7.708445911714632,2.8057250718211217,-4.146865103593095,3.9250022256829213,-3.298766273815134,2.871268365214539,2.328130526588238,-0.17143530107222826,-8.816292942005969,7.230908654843537,1.4874640446170795,2
0.35619630909048305,3.497631291498605,-5.477927591217109,-0.04997918269467094,7.792848179582713,-8.77111268612684,-5.585501880973244,2.3265847679781992,4.209769391563424,-0.32186324911841746,1.1330996584693953,-9.77030364531385,-9.338933288916099,6.694194237313109,4.464840251883992,-2.671769435981195,0.18026585728461164,8.093357570407518,3.423366770594924,-6.823611030165692,7
9.57955990552616,3.8093673145480764,-2.6766670918072437,0.0035685811595979056,6.5851211196942065,-9.027250265196361,8.982153453555753,4.447485163334657,-5.084032469669841,4.91119018898565,0.12129928333984917,6.805225045271591,-8.913958560205295,1.442342970210915,5.533460577394761,-5.895104764736562,1.9077596013258176,5.592940348527051,-5.16058306680999,9.00438496394636,6
5.246096754298031,4.010618278974599,1.863136338080727,4.415813542894293,8.584860555673517,-5.828122700254413,-6.870511994637141,-0.681782913991347,9.310039488878981,-7.811392932370274,4.008525212737432,-4.408787199022813,4.78075399462962,-1.0786447326513442,3.997549891445307,1.0844485406862134,2.2683276468262474,-8.534291742777876,8.272958424269518,0.9655535932955708,2
-7.891235789832027,-7.803360988121527,0.205868373491411,-8.47121355568906,-8.86917923416641,-9.985315003196641,-4.697397200628092,-4.465056180217551,-9.133396474853832,4.554705227507134,-3.9654697273578856,4.808178381061337,1.1475624538288034,-8.974492708799959,8.872337741658113,5.072537007524454,-6.3931015735938015,7.762316662992575,7.644473175478062,-7.525837088617557,5
-4.977906266330587,10.836930624240091,3.9764213051381327,-1.7892086433965795,-7.468565618828604,-9.196449331677625,-2.442854483893166,-6.332052428743739,7.039884417795817,-0.15943016526495768,12.031140929133793,-9.77728345579357,-7.0656302104492,-8.91136398499039,-2.621586646934761,2.6094601202343304,0.6060247345283419,0.32591115194767806,9.420924725931343,3.6389305385807136,4
-5.963380388010737,-6.465158980357424,-0.320137494882294,-8.310862766519502,-9.902682102846057,-8.527976706512284,-3.098495044618986,-4.721816457775726,-10.169213136905368,5.164572886919623,-4.990668551324838,6.2040941865169925,2.2632362718632457,-7.732639300199641,9.701042635295499,4.24977577846347,-7.9610218081931965,8.930115500827114,7.116851212729085,-5.352095229188575,5
9.299124466715021,-5.857949897342615,-7.00460922276877,-6.931787558541564,-1.175760865272628,9.864047692797424,5.82454052856941,-7.6734889365743175,0.1971373503956608,-1.2355251846136177,-1.4818133627625942,-3.131587132114353,-5.419634679296161,8.402777542227081,-5.282143905581344,0.6962683500212714,3.570583419782401,-6.883291507333054,1.465314746771853,-3.3668946626166,3
-0.6422533911524376,3.3194244813326446,-6.761065883509302,3.5447500300438266,8.656586770055075,-8.182523707394443,-6.835812990130051,2.4468906348516275,3.2562876322467376,3.0062710530134673,-0.139321746558552,-9.264498893184589,-6.350316919711343,6.573115539099319,5.340283822334804,-3.350986708119096,-0.139517488455116,9.490174124226808,3.9423714159830157,-7.639002611975967,7
-4.5488304546650475,11.21988901790533,7.342398308233276,5.991843677759408,7.495587886511432,-6.475939390981349,2.5287492982678232,-9.94627849427418,0.8579534381577387,5.9687338886973516,-4.996099175265832,-9.125153993899794,-4.87555009970381,3.510831473594862,0.09719333444671974,7.7354461793734055,8.490608196928491,-4.4686570820979785,-0.3867664931578383,-4.613456784713621,0
-4.097364436159076,8.908851425872264,3.366247991551532,-1.5048013360745514,-5.941827192066424,-9.59364286350328,-3.1096099907511126,-5.874374791729069,5.281984531537773,-1.933700122413024,8.773048098712819,-10.348126520924959,-4.610044370647273,-7.3181035047852525,-2.3201601092947897,1.2317125722825932,-0.8901888870767016,1.6266368859308487,9.660546744397063,3.369793941381431,4
-7.128366930530031,-7.650729787631124,0.32259736483299095,-8.585065361606299,-11.144111806883753,-12.078402112128977,-2.923109711926813,-4.2204914477110895,-8.813171817978525,6.016973144663822,-3.1920952870087924,4.064272306546442,1.061121114619333,-8.084523565436742,7.3008031320219136,5.293201940908507,-8.155602396119718,7.474814976876942,10.270333694454163,-8.550963764957496,5
0.4750255344427251,2.743001641208374,-5.366584311358341,4.318415714102392,7.527266797689444,-8.118940085869527,-6.727907610348817,1.2026887763799334,5.402101200648182,0.21126769720288685,-0.4894209432234063,-8.388643440493436,-9.831338726666049,5.7393648334725125,6.5172226690777135,-3.944430100324418,-1.0702000407193082,9.145467607801889,5.690864275205752,-7.998195542280011,7
9.504652113830229,-3.2789904213182166,-7.312800347656282,-6.290815490670132,0.582846787758148,8.24267648804165,7.027439120254213,-4.423620771825255,-0.5001197273937484,1.2344265502747302,-2.813137966308244,-4.889776070189339,-6.664289454125616,7.028456708949861,-6.582913784517896,0.18444648243595085,4.838070631183113,-5.66857539588612,0.3934047751671422,-2.713962536562228,3
9.198079260045361,-4.433078898565938,-7.458391434368459,-8.171729076059922,-0.5420904306081079,9.559777754622717,7.409325957827118,-5.0508711351209525,-0.9016220774961197,-0.9125708142829565,-4.633342633924071,-4.7310909343063825,-5.976186130356047,8.74908628987998,-5.178353824606912,1.8839051721408433,4.502334041967237,-4.157244099966948,0.36556056609026016,-2.4190493150261343,3
8.5649822943709,-5.078703972515456,-7.436762999580674,-8.439688966222917,0.4783086123111763,11.714964014503948,7.5076756216095974,-3.4113746052058413,-0.225414513563995,-1.0658225561972832,-2.0259387044661397,-5.597928746180111,-5.5858806841125785,10.035620736351525,-7.529979582503994,1.3041707281797852,3.4967573370608744,-6.929396294007053,0.9872182468028174,-0.4403306269498687,3
-8.689659601766243,-7.542438487111232,-0.7485798058854405,-8.12226788881677,-11.037908223954393,-9.729105798355585,-5.569338080655945,-4.323927114816449,-9.873419193609879,5.095142415887643,-4.714449534999512,4.260406982551924,1.6797897476397474,-7.893448657140575,7.556314686708417,4.846367282508385,-7.814411949911751,6.852287923214766,10.639748155334575,-8.016543809454383,5
7.416146770953862,3.4138087910046395,-3.142418424372352,-0.9025405852090146,5.041043327892152,-8.048464174842335,8.067808225139027,5.878123353003413,-6.071813054394886,3.8717283551647284,-0.1951731118779561,6.914856451921393,-8.697111261524562,0.6014493007261477,6.872399963931092,-7.616618789727661,3.1294995534345653,4.934586867567343,-4.706587628866158,8.381713383538616,6
-5.690848897309575,8.953075694012789,2.164071507131352,-3.7571292952160844,-8.920184400022105,-10.049106216332579,-3.464816942543965,-3.9625853099757666,7.059582280464086,0.8866007465993613,10.635540721227189,-9.77643362284719,-6.439056382595314,-9.31141534623281,0.5705498618287654,1.9282056684350584,0.9631832550531609,1.2604097757194435,8.916544425635639,2.6106857680363795,4
9.110849018043055,-2.484418503392293,-8.267686298838456,-7.504087505952672,0.34582727998389773,9.233053939685037,6.9854273925393295,-4.602068519828314,0.20193231472626336,-0.16401982680372812,-4.0419429504969235,-4.4464699641582826,-5.749933481506106,7.745194477417861,-8.84786892292021,2.9099785966092186,4.124596450114568,-5.890243148885102,0.8121234997487811,-0.5355366425346845,3
-6.174405435276323,10.133165582407367,1.9696078069556757,-1.9156763243879948,-7.17653553186879,-10.450271108564685,-1.2985436260838794,-4.690470402874811,5.521360471916707,-2.020154863824084,11.71609784968308,-7.92560429616685,-5.344802591134508,-7.432295117300876,-1.016707521506413,0.4196905820463437,0.27979575825702674,2.344470769156702,9.329220918565728,3.6598778847780773,4
-3.602668901643966,5.0152780754191015,1.0142647480906304,-1.3722435703289837,2.560429558453272,-8.542527804172938,4.819244963063971,7.780656788727338,-5.842737219327399,-7.315047801236193,6.647348722858631,-1.350357723713707,-6.242809845011816,9.987645059872115,0.7832099342030441,-2.82570820292999,4.639530796037611,9.351748869675271,1.2901486158772801,-2.8758557187564455,1
-1.3885914567871174,3.9180935374317754,-0.0620878599595327,-0.17137990143553816,1.6035906587539364,-5.893558861058827,5.399648657456256,6.913781467926463,-4.428190698382674,-6.551714301546647,8.494019582957417,-0.35356945663905437,-5.233325937191618,9.989146682851842,-0.5775122596974794,-2.3305325799335104,2.9416357408349176,9.530676631303148,1.1962227740013593,1.6942509472558105,1
-8.378892821334821,-7.054500460946864,-0.05433542031338104,-8.674769966949356,-8.859936318259304,-10.248267665916831,-4.136864213009984,-4.253512593000733,-11.73395382282353,5.991271848897075,-4.030436630748694,5.017068311187724,3.378022473898587,-8.467550853297874,8.390435081933498,4.092036996299607,-9.087820654084917,5.467255040925857,9.798239270870322,-6.777317629982276,5
-6.995974903641915,-6.937955961120568,1.7226198218392041,-6.9500316028209905,-8.77807868226254,-10.601967053714713,-6.344946607681054,-4.580480124590057,-11.292081564694831,4.745765095226344,-5.808092882718136,5.626384467632681,3.1561587912986413,-7.72113560345886,9.218352901170556,4.7945477238802,-8.018134431021993,7.7721459636434265,9.253810626112113,-8.147392461084099,5
-4.696713551644703,10.662116069587839,-0.10993369569407196,-0.7591233359718799,-8.00590449800525,-9.127168457098247,-2.626983752822038,-5.260422388715804,4.585079495205184,-1.5002625142868813,8.784566423944188,-8.901738663531912,-5.3104814396651925,-9.098981575252276,0.22830813559672536,3.1175041973411317,2.5040448929578045,0.6340863270163619,10.72510832313213,2.530011265999767,4
8.809026593879327,0.6344571481291791,-4.781592923526553,0.4249589477649698,5.640391497038703,-7.371063695288676,6.871372031871498,5.3130296743523795,-5.5608147409444095,5.91330794162204,-0.2659207235618828,5.877661697517231,-9.21162782432341,1.6367071505764643,3.626577496962776,-6.585172781046657,2.6185340898029095,5.635779694205913,-6.157698589858319,8.766227855147736,6
-2.4432960037538356,9.984860442443477,7.481713242761149,5.146350752025107,7.79164591550888,-8.167021874896559,1.0102284246848465,-9.432492231179213,0.8756398896272317,6.443338929521565,-5.003634147141544,-8.07666485731753,-7.337945331351284,5.344307806914949,-1.4723335012913021,9.33012922095178,10.031992566585922,-3.035492093292276,-1.4867050806136148,-4.611646929738017,0
-6.601823197140194,-6.504118049327421,1.3659532640769034,-8.815520504221498,-9.281164420734365,-10.739253422673837,-2.9326869868648497,-3.870615668136484,-9.974441485511562,5.487828830797681,-5.685090668122481,6.200751880134824,2.563249293494146,-8.670965758500586,8.543953066378107,3.6771621362920888,-6.526232931857097,8.1642312593903,12.175208685146316,-7.763057341096814,5
5.062143275333848,4.349178132899766,2.973669261778632,3.3066904222919518,7.94864571952651,-5.444089808642408,-6.249633999093927,-0.9543819239068995,8.724812939881176,-8.772747292379396,5.240668346059226,-3.180014184379867,1.6035846414302741,-3.823099674486428,3.7166930489759524,-0.8427776820709174,0.56350012502509,-7.170934220590164,8.247422923816394,0.6414127638421292,2
-7.666901750066492,-7.322393521969789,0.553977041898079,-7.566877589399104,-9.453409975471981,-10.80701043697966,-5.133849836421621,-3.0927790333123895,-9.425969061950996,5.535650213109725,-7.022957956803405,4.496663248659626,0.19817907661946732,-7.637099439012542,8.393274090136137,4.303316208435307,-7.676676616810668,8.628791675060864,10.122096328482295,-5.552621247596862,5
7.241376869679509,0.6438789190141088,-4.964067109515586,-0.17015407456353288,4.84794115443454,-7.020184577146432,8.013023832499925,6.868646735698986,-4.706307080339478,5.094429303221825,0.29284972671967013,7.5675087187036265,-8.84417847819309,0.44176954612560326,6.497377210817319,-7.801456011115509,6.19688042023656,5.817531731737602,-3.7366539469083344,6.728907818005462,6
5.907797641427967,4.099471265190899,1.4893819664631733,2.3905966590037133,10.072829829803242,-3.4034116662670844,-8.368021906248137,-1.1346667975758256,9.633516281833307,-5.766969470463241,2.138792203276604,-5.300924969952776,3.655802026027453,-4.736917644782063,3.432344638348802,1.1573629605181994,0.929887152871589,-6.20076982319744,7.653968688250184,0.4940123093109402,2
-4.464539913474868,9.240828778796956,2.3733114546925713,-3.0825155555986155,-8.29231713896039,-7.038764364691785,-3.075551030501532,-4.304324188222945,6.831913517146201,-0.662172343010905,10.206205638917176,-10.909307865974666,-6.884970746187776,-9.764609434471948,-1.8900216114508122,4.108153171065366,1.6086835136341642,0.5351012427043427,7.74593291044555,1.0435339502045,4
-4.221680774108014,9.712986500258724,6.675920691837729,6.376619829262484,6.623719667997689,-7.244238780543262,1.1463617042786276,-10.743951020541317,2.0930021331238486,7.282428397972576,-2.6276700369775345,-7.575980247886028,-7.019519556325764,4.811971218140529,-0.7923138248641526,6.86650061027186,8.52622352856472,-2.576489472873796,0.3926211091344972,-3.038073088365807,0
-6.10694536731162,10.654050734348948,2.5072816379297427,-4.492312308154773,-7.565494260585838,-8.851448875880568,-4.627219774870618,-3.266671320210977,5.027654950507998,-2.121696738010563,10.571377340054045,-9.824038016703692,-6.368427835693338,-8.171526398918116,0.07150838662015913,2.023283992530273,0.23248890493401003,1.2032639328631083,9.765086709777298,2.8582378468681573,4
-4.493378494082352,9.445822397112575,5.673754463435055,6.30801219127078,5.8459602455834645,-8.510062298637441,3.115259603052843,-8.309610963985234,2.717667169819569,5.4735450471920295,-3.6102576239482427,-8.54672354266216,-5.807488570124271,3.415268817761667,-0.3974105264475031,7.711940131464662,9.552419446991992,-4.9994757133522185,2.4790302079743687,-4.681733563032911,0
8.341770432589948,-2.0431662116964713,-6.318262016752275,-7.576444188310261,-0.8346781907566287,10.616692083140583,8.193458139346554,-3.493153121412142,1.3015904296648961,0.0276445736227523,-0.8662990164805877,-4.991547184036965,-5.9253062370722525,8.885294326159093,-6.432070491786488,1.384195655565091,5.015558375923728,-6.212686105989778,-0.23688166842620123,0.9432210220829602,3
0.4537022084972081,2.2133376041795545,-7.44840037617525,3.415072561039584,7.050603967750375,-8.124196928038618,-5.149274366581571,0.8715786281923319,2.5159908611655455,3.0080228232936133,-0.2715710817525772,-8.558999164079676,-9.766337018836225,6.987404658026959,5.681193094804668,-3.1632872987796294,-0.7261901190921642,8.031888611191503,5.912039685884131,-9.066555052406738,7
-7.231160310248162,11.154828468636053,2.481685700029823,-2.8985750984946104,-8.25122054738469,-8.238747549547256,-4.5533986085447875,-6.230027870858751,4.6603850359975825,0.6967272515358529,11.749123142705628,-8.426899279807154,-7.288124805484884,-8.06588310004803,-1.8385095436903502,1.4947781404429894,-0.18198893346133999,-0.12343948433674279,9.813015264924521,4.787824278125443,4
-2.069493027027045,3.2627780385540737,-7.4304035257329755,2.662627995936875,6.329651682688917,-7.875740511529067,-7.98097114310692,1.1307063460444449,6.178706565003537,1.7615477839157627,0.1094180448793168,-9.785548611421861,-9.428002618506431,7.020413075184025,6.4749875512330295,-3.1711445185836475,0.03787423227569231,7.948833176078465,5.91115961559983,-9.312491693359384,7
-0.3259524269192511,3.967706741495858,0.8140276718008191,-0.27045195786049425,2.05343411873483,-8.664168751248404,5.563549671176833,6.871629222872345,-6.040856687271449,-7.244756600818813,5.9348334831827625,-1.4269342369269666,-3.504185868934808,8.670442246918926,-0.31703578850573777,-1.86439888524948,4.5980842162323015,12.475435123895837,0.6172782986604053,-0.3386694930294171,1
5.1090629257634195,1.0920064641115865,1.1334999668373926,2.440553063924196,7.474356001980877,-6.3523887930027545,-5.726512076715043,-1.1517041699217259,8.749866444923484,-5.988678894636252,3.8469905016801587,-4.291595700257132,2.4103954588217977,-1.8196911495366668,2.328770336919799,2.668087384887942,1.7705642652774063,-8.658111358126076,8.11602334197668,-0.6936590506728846,2
4.391727958949151,3.414767518611872,1.3497099514105666,5.052233712746094,7.3253763016229145,-6.231068940282664,-7.916000465361584,-1.165529990137243,8.627276718361516,-9.479677205042874,3.489253159868496,-4.761694615024835,1.8747370893852453,-4.599010145101459,4.445573267336253,1.6358011322133355,-1.3568265602051963,-7.4589310140514815,8.143159021740145,-1.3542235928542943,2
-4.38103038980366,7.928158360081266,8.111747144832934,6.124630935727946,6.181673797271307,-7.008712152571828,1.8958763125113052,-10.132990705829902,2.046721803756077,5.526870664350377,-3.343905582584732,-7.681869587341872,-4.84702124567324,6.307549189654271,-1.382577426379663,6.279238364080561,7.760367407599565,-3.720544753313291,-0.5249103990264306,-2.737957026118399,0
-5.1707416362391765,10.572575484428137,3.56426401742698,-3.4707925337157373,-7.434994368658608,-8.149599377618229,-0.7764135073679865,-4.5667016751289236,6.821832617528991,0.14091641847675151,11.302649108069893,-9.71326595544521,-4.955605771376836,-10.610407549378843,-1.6239625996047655,0.18419621249708662,-0.24537540617662962,1.9487106708788864,10.38358692931622,1.5976197789223816,4
-1.6020635578967561,10.332674925065477,3.735427019206055,-1.965063729124073,-7.456787469226565,-8.13687637314824,-2.871873244586197,-2.578249808938437,6.606781301050547,-2.35063072216838,9.218590261804538,-8.734554434589969,-6.511453597794419,-8.650036920050391,-2.387279159319518,1.4102902423094956,0.9766282577823112,2.6473325625982023,10.686602163614191,3.4608447907709854,4
9.488847116998782,2.440937745812535,-4.140443423493017,-1.5938667579005843,3.561431363606829,-6.825397186638238,7.776232502720691,4.163441054646032,-4.946393698113152,4.309492138937007,0.43743921695595245,5.885210883644865,-9.740739321239744,1.4051891496941975,6.908335809597802,-8.240612793436776,2.6254437251294434,3.6622902534391324,-4.844144652635069,7.474032773800664,6
-6.01459538882231,-7.121529714683901,0.6550639667264601,-9.892279016862483,-9.417428003174937,-9.315468671739225,-5.317832502450037,-4.163107459412106,-9.69623095236778,4.870883777704166,-5.252216993045934,3.196968877055893,1.8843120442063814,-7.136534002206135,7.927068405083615,5.12680993539233,-7.465191907358197,7.006673837697713,8.038764672547938,-7.379252817525705,5
-6.6802931259193725,11.770306004402189,2.501884648474973,-2.496225277265218,-7.615260844109933,-8.477332056428233,-4.1658717601837525,-3.4544540564747006,5.510778863318919,-1.3221236344294134,9.862917191001921,-9.050533087279042,-4.045822072823592,-7.065415511058376,-1.3807481464100215,1.2371570386054795,1.2912068909488024,0.7898645436018036,10.070113800954132,2.8760437798786826,4
-1.9564886929469187,4.561924002506756,0.45719651148668905,-2.0196739558777925,0.9760452235897414,-7.168929045282464,4.878266726228028,5.903306746518737,-7.657931179420015,-5.426663385382997,8.681584695705737,-1.661624296962641,-8.020688230777214,10.095901696123887,-2.3211155723386985,-2.927919312670249,2.6158834644332014,8.26688425378613,1.0985486630420036,-0.46281654660254634,1
5.592230508557879,4.507685707388063,0.28304419073330367,2.8377712409660156,7.941541997351807,-5.055973758382862,-6.44498918402486,-2.131889026658145,10.281328292889965,-9.673007975436064,3.0324510135977354,-5.380992455109371,3.5821662102263567,-5.114943007889911,4.240524539522165,0.8016465441230614,1.3980214375148148,-6.960039440459544,8.966728077629813,-0.7821264493131213,2
-4.568705023533432,9.457906447077917,4.647379184491729,-1.4311691042018382,-7.6593592097206535,-9.157470507335228,-2.037383578399444,-4.939967787563768,5.179800166511948,-2.0304375429669266,11.014485034628482,-7.280087893379455,-6.888576068688744,-8.05525289562802,0.09014259743077346,-0.15481265115171494,-0.4821307047047608,1.4713978236096197,10.471907257529008,1.866945359202085,4
-1.6797351786435333,3.978117562753872,-6.495554317485957,1.6197149711258108,8.436238726803873,-10.202509644894452,-8.942116546146334,0.9758912601666078,3.9696266360489827,1.1471620549168142,-0.03324794764576307,-10.429943846847028,-7.948922900249973,6.08572846406208,6.446706018278964,-2.3116449903829137,2.2044956462039567,9.289138127134525,5.076007727552546,-8.190324695018404,7
-4.342667111701059,7.843113807041248,7.1712914879428835,3.5685853120340605,6.276032254768355,-7.803027399006672,1.1613868226369137,-10.53955081054639,1.7344718433176696,5.669917889473868,-4.2440571883336675,-11.874458227104189,-7.215118481789943,4.906880382514469,-0.2887205464265791,8.225663780906093,9.584829431641602,-4.801536159959269,1.5426802176742678,-3.3890270451350992,0
3.9780003689979533,4.331489108526599,1.107166281762648,1.5439116094636822,6.444445954262939,-4.707021526116051,-6.454909270038916,-2.207774267659215,9.020952137626422,-6.492783676194235,4.750442645386358,-3.579789389102811,3.3958798516955135,-3.2995027273144752,5.072020921874048,1.1691941360462004,0.49980925996834685,-7.865543296627629,9.05103965542644,-0.041083798051472,2
-4.39074227623284,11.753032549825958,3.4464587642098827,-2.322853265367634,-7.041420813472644,-8.273035204386115,-1.5364395983036794,-6.182823131969296,5.543310508817694,0.2718981293917375,9.271086647793803,-9.083416379977473,-6.635109325573741,-8.677103967907136,-1.13697141347266,1.7481506716399304,0.6858236692787136,1.30329062192307,10.550518239852979,3.4815243773672337,4
-6.301739764683417,-6.3683499853142855,0.01839883052972889,-7.3288629977107504,-9.276815778031924,-9.627783294626862,-3.016636961642571,-3.0990657270577975,-9.647173154777828,7.0008345607136615,-5.579918070574173,4.19107667627453,2.5406024039600537,-9.175266031284954,8.40466912792476,5.668895488986608,-6.380397517115382,6.527595855856168,10.724372556726838,-8.594650815533827,5
1.0231097639529778,2.966840423479558,-6.051889990658343,1.2752714506866463,10.01945310802023,-8.001165028707305,-5.808748946093223,2.3224770229578744,3.7898161474272496,2.9255406859487536,-1.142215996085509,-10.289505914887537,-8.958193545650097,7.357489151473213,6.182367009439423,-3.943057190098541,-0.9343825655207206,9.793320014796516,4.125166809607281,-7.754260319647152,7
-3.5394542876804853,9.04251305429139,6.781259145599662,6.394590002144339,8.266856955116026,-8.775956548524634,1.2344092647123635,-9.793634738458863,2.193974569028239,6.9315147291596375,-3.468778234301917,-9.818383345636745,-7.3992989502232875,5.324748392925052,-0.6385516027155925,7.308345224568573,7.990718156932792,-5.781147692163553,-0.48670422707044547,-3.854675335245768,0
9.628069830445952,-2.410604236801335,-7.127186158668128,-8.625569206167661,0.20070757696570662,8.201854813422537,5.981456821977304,-4.828299587434179,-0.10839071938022574,0.9729565318615732,-4.034871683065594,-5.063469849053895,-7.426335736702141,8.717732113352051,-6.871728360353478,1.323288127550637,5.121457035033468,-4.809827796712531,1.3402174792657653,-0.5004309504703551,3
9.610999981844289,-1.7741782977970808,-6.769295540064352,-7.465548481078148,0.5128632537046383,9.263227421796813,7.357986920836485,-3.876963037640614,-0.05526947405605767,-1.9707782411980561,-3.0582727174608566,-5.756090484625131,-5.996834618128985,7.942936250629558,-6.620820650758189,2.4372679649514857,5.9983861100477185,-6.0011076414857385,0.4503560833525825,-0.6464455767035653,3
-2.6898096943400946,6.054481691704567,2.82336482634428,-0.4220875743791064,3.9147878027238643,-6.001239830268101,4.3382241460754845,7.267618342180459,-5.65409057405849,-7.367139021016612,7.854287202276676,-2.269277512490625,-4.7299229450888935,8.458960026404863,-2.62149391806465,-1.3949341593226379,4.893999965293702,8.657861244773036,3.0923736214144317,-0.4897502253514719,1
8.278576227460217,0.9467143598256157,-2.1165903691885966,0.24566223422584144,4.867317862044845,-8.37095893574779,8.31761103383748,3.2938444680734347,-6.214318296554955,4.722322847795647,-0.18556610530142614,6.479114419103677,-8.024504724345881,-1.2190265421504098,8.029222748865202,-8.70819441447323,4.0197765927530265,6.188525301240425,-5.0439356130926205,9.54944241304537,6
-6.531744632372282,9.638259802391062,2.7480432468493485,-4.429688074566778,-7.351800220543564,-9.164406451024178,-2.7198899358714836,-4.951004010271365,6.1492558384132945,-0.18586119673892454,9.310488657808076,-10.311450031912047,-5.195857977265946,-9.198280013481464,-1.8048853140980063,1.5274757631763343,-1.8380651673812762,1.58973958916832,10.075888640713288,1.5448407947877676,4
-6.8928568297242085,-6.3825375593087434,1.3140393833993684,-7.556877031905884,-7.414636634972778,-10.853597653580639,-3.663110324366297,-4.338794992996005,-8.879893664713492,6.087535647534938,-6.917913550429879,4.581219024606659,3.340594340697666,-8.227118382322045,8.668854702648249,2.399414899929214,-8.118606550614265,6.374457490359439,8.562062743281484,-8.43335686301157,5
0.5521551899942252,2.3475230165381835,-7.419404984867413,3.99579882464788,9.19156878278085,-7.353955823682997,-6.876474250205928,1.7854420061925784,5.225364158696417,0.750432671754059,-1.034799376349506,-9.906551561677494,-9.26686054457207,5.595489109712437,5.320558847044166,-2.789596693661366,-0.4539786377536256,9.911544552137931,5.0877998069351875,-6.697863805587158,7
5.764451415213122,3.2973925253027496,2.256485746453201,3.5547558033668345,7.877976877790265,-5.670034014677467,-5.253932989138686,-2.0436399906029354,8.745569423072569,-9.942618573176857,3.4579888209790575,-3.768742735444766,4.565508884686204,-3.102652702931581,4.236511105033093,2.3599173181121462,1.3695122783540916,-6.997689441700134,10.441021318499415,-0.950646846935837,2
-1.8049015500540075,3.602296931917972,1.5271981041434808,-0.6828849677499266,2.3659870557445593,-7.248084518950968,5.262741114253966,6.608017862612986,-5.524007932042101,-6.093914267986474,5.675843227316804,0.6796901623185254,-6.517256239620409,11.40160613140745,1.1150977573590133,-3.0247645911914525,3.275472923753767,8.952644658725923,0.6621364977823027,0.7770612927321847,1
9.338688566190402,-2.9593594481775156,-6.404355281093365,-7.828980861664347,-2.1533061495080537,9.806450415792016,8.43448086573247,-4.6089889816571254,-0.7599768640396828,-0.8048039183898407,-1.981180416133642,-4.040619615067431,-5.6170369416726675,8.10591476231093,-6.331315138956035,2.5711325542475167,4.214396116095707,-5.537704524053615,0.19304969308578018,-1.4369188779993038,3
7.7962103032487775,0.747253127178837,-3.287577249707632,-0.62930235257763,6.947440259651853,-7.349424193759641,5.48344707471516,6.375672461989171,-5.626563517348808,2.991150956258048,0.4339237648155284,5.504176207569767,-8.421915472195431,1.7092649143929342,6.3919930576725505,-9.59984343876571,2.2712617726180024,6.0855022933536995,-3.2754465696839796,7.918985385206054,6
7.6446603095581676,1.658767662601276,-1.718428854529003,-1.2826173401960999,3.489255904767277,-9.017620572821976,6.720953166216091,4.834151627581561,-5.272625199761188,3.5770626340538936,-0.3248240321145702,8.1359066223122,-10.495793809463722,0.7324275905981066,6.532795659052127,-6.94957900405463,3.814131045849295,6.41325969283796,-5.149611226595073,10.001460391622818,6
4.01903701605773,3.989934558273475,2.2443237385235775,2.176159440450744,9.270850006399563,-5.133133440763881,-7.330247103752434,-1.000571806426509,10.298318424205913,-9.417325858119241,4.015490684435888,-3.949672081309453,4.09271523779746,-3.3381089467145113,4.687709377098868,1.570821273789714,-1.9155964696781171,-7.682419060751793,9.427527690753788,0.6205123972071973,2
-3.2852199378687246,3.0714921834337257,-7.071041026728265,3.0686340715536584,9.556263349674852,-8.784477318624463,-8.537783387073654,1.5359945688297114,3.4197187899623254,2.987068136118729,0.31001209369605914,-11.682351647755368,-8.10348005019581,5.4678223793844785,6.617371051364682,-5.094912650807774,-0.8649070689181653,8.895865354645622,4.400270062725438,-6.477322775241935,7
8.032585462341482,-4.19350440733524,-5.873781064145476,-8.294842313631882,0.019436578735181398,8.630747707277086,6.0049704441685146,-4.320679014503681,1.0138286814605961,0.3627152425354526,-4.461072888429018,-4.785724020907405,-6.681734420240755,8.882081905521742,-8.881755789152148,2.5499162515090075,3.190520132541166,-5.555314924616626,0.45726381967406377,-0.6857963731608951,3
-4.716971394138357,10.009974560462764,3.607084149791776,-1.8105205051319693,-9.025974440870115,-8.572964766513017,-3.938121099700833,-6.2780310883614145,5.8344385686362745,-0.3845624127308579,8.952588976387322,-8.800233613090287,-5.000394346248493,-7.895588589490635,-0.4820275045275614,1.7949426391140175,0.39727236387151127,2.7199072499306993,9.425432415540836,1.8505790543422838,4
-6.133182298188297,-7.629722129135646,0.6073708003668614,-7.5075398270635905,-8.231203659159338,-7.682284014343913,-3.9919880689522484,-4.764369333708723,-10.105442459657398,3.505811905713474,-5.286394322940473,4.785244887404415,-0.004180247506685664,-8.852511869677722,9.494259625622165,6.896451486706912,-7.490983020099812,6.879436060143455,8.376598159175426,-5.789756251763853,5
5.34283310784351,2.108652519228155,1.875529815128015,4.13114759067252,9.37206777889698,-5.54435967564077,-6.857165227006836,-1.3158509824072993,8.788713992089567,-9.270542426856135,2.8910968996604223,-4.730750769709612,2.070088214451157,-4.446111723506715,4.1010029054496515,0.14735217658302857,0.6978600062141049,-6.706289008900874,9.41035373843901,-0.965584548866448,2
-1.8543597483776657,5.33433397267706,-0.5925215379568705,-1.4485528069528832,1.334731817411085,-8.058372611033654,5.580245420344234,6.713907391217912,-6.3251971702743575,-7.745343142627043,7.115865477557181,0.07416401903792114,-5.730161804003484,9.610076463278807,-1.6749970619529575,-2.1197869405188543,5.195839376637522,7.2963091305339,1.41013516800806,0.07704033241028785,1
-4.7718974530221905,9.976261289325528,1.9717396462661685,-0.8639078659114694,-7.874164393518052,-9.870191184939333,-2.531145931706865,-3.7667996028355977,6.824439226836122,-1.473939127904818,10.053263432500735,-8.653409228342204,-5.8924714158634615,-8.2747388247198,-2.211260742159382,2.0843509870938846,-0.21873495316681113,3.182609410890923,8.935583851098675,2.999642911770217,4
-3.319366252240953,4.260497579964624,2.075235358584042,-2.036777119664538,2.724164663208576,-7.016561318368516,6.178972900448937,6.779612848016965,-6.7900849576803,-8.109436904925435,6.195578926977563,-0.3193634094378609,-5.035019120273308,10.643011082915208,-2.0591357053095707,-2.1909426456670023,2.4869585166034094,10.712157533016956,3.492987108681413,-1.610981825386599,1
-7.542536095575186,-5.588442203308971,-0.24139429910774085,-8.418084697381095,-7.7851466279634645,-9.96772387903464,-3.4338467014000127,-4.30676745069673,-8.438070018195514,5.3611889848335235,-5.0690730913566355,3.8059910248139044,2.104108355786685,-7.811820043888212,9.755711189852398,2.9432852046978195,-6.718200792406251,7.572511050659054,10.14602330848235,-7.868076218783931,5
-6.908571540365746,-7.04985083703419,-1.0943073443937215,-9.246236948785013,-11.10182658909455,-9.829667506856357,-2.254365829709647,-4.816658568656027,-10.250441297768301,5.138073150714243,-7.12272189100851,2.455707275534007,1.784368934581325,-7.91379202804194,8.476117470401217,5.605451781756802,-7.427853567773143,7.629686012500688,10.447288657766844,-8.831534556561214,5
8.523343740180948,-2.517083337935159,-6.135333622596196,-6.34617824358546,0.5202048200050685,9.682721084505081,7.534283756269989,-3.3557353975001707,0.3641052475668245,-2.0100763051516193,-1.7336218068001954,-7.282238743109188,-5.559480689494946,9.394403548165045,-6.566368947480125,0.9160334046403488,4.5515283092205285,-5.847442388900997,1.0590024507317506,-0.7048465110578683,3
-6.0913518381880785,-7.202875774491726,1.651072046432588,-9.443281821952377,-8.808726600520187,-7.386803053557372,-2.376764789473227,-3.766792018630955,-8.941668615607078,4.510586752202848,-6.816751868565411,5.294830242846009,1.2546515140628738,-8.95032227294245,8.257292544189623,4.788811522551044,-8.383859090133058,7.802131129136917,8.533020421887937,-7.383584134622657,5
-2.3514422885618984,1.7219038277859644,2.0259103135510363,-1.8727087613432059,3.3235616315394143,-8.391662580965997,4.886807338437415,6.211921022031399,-6.1308618937805255,-7.303350427116483,8.066178205354461,-0.8178268518185628,-4.8842049484616705,9.452456427498653,0.9479705027604561,-2.5692816113581896,3.7791659931656407,9.858899646265622,2.119652868745627,-0.6625157231911025,1
8.989091814630399,-0.11048045815538976,-1.9383376477589842,-0.20482708841205166,7.224924211024247,-8.094152907700167,8.443128661838362,4.953179441134652,-5.635060754228713,4.47869763566918,0.7485166871559197,3.8625528759958923,-8.339649014015162,0.8730787967769388,7.109434511335619,-8.341232874241193,3.675195776158803,5.246169420801458,-4.344735682931081,8.765408671711615,6
8.186949306561882,-3.8178099696675334,-7.016774714072036,-8.12947351348858,-0.9212667026142386,8.629631712046123,6.925472579664893,-4.210398827296643,-1.4523701481736355,-0.521412930079489,-2.425601492689456,-5.1695152672513744,-7.148006693986623,7.867837176861766,-5.827424451253317,3.7995113612214872,3.0220638947781002,-5.52337709131334,-0.6893626364605114,-3.0750176191014242,3
5.338465433194943,3.2053921731827493,3.2490335254321305,3.2760240694916543,7.52056100637769,-4.493923562889913,-8.22822354806167,-0.6485532266827942,8.30520342653483,-7.6048695743539,2.841655986375561,-2.869575479372098,4.538700075574652,-3.7821999834904014,6.1047529895934725,1.6686241590486222,1.5982748190639031,-5.4765060994892085,7.522509129953459,0.07557440775990115,2
-2.3170006707942976,8.485390716006936,8.028066646278273,7.761793464409058,5.520476177476434,-9.504351874774018,2.0882415231991955,-10.905553431797507,1.5894379259631952,8.481835523607838,-4.25858782257302,-8.408494197272468,-5.988975218051275,3.8653325684558077,0.055083135913323145,8.234554271404871,7.750691820511233,-3.3356264180862696,-0.6161436271861684,-3.6164917427895937,0
-4.183056206639124,9.571869614519485,6.210749335422533,7.739508009025399,5.757107399493151,-8.832211814872814,2.601582676287598,-8.497656622632537,2.2529175805911237,6.440704361529615,-4.234290748677728,-11.122631301680565,-5.472167613222375,5.3404600909119875,-0.24445421940173284,6.808340062064261,9.196228767154906,-5.148463708173113,0.8168185886076538,-3.7011026604574067,0
5.271841855533184,3.6385519722714386,2.9660512295874466,0.7258732584471277,8.292194610404477,-6.447407715239587,-7.0077305679586175,-2.6241022367809412,9.315027500804998,-6.9885339058650535,4.279927500017572,-2.2149778556540776,2.4503008704589413,-2.0562744095466794,4.83054583722902,0.40251699416171793,1.4980644157676122,-6.966023408590326,7.480768112817001,-0.6687523245890785,2
0.47702024854873626,2.9469866533039863,-6.347991648466952,1.6798677300024518,7.751117021701738,-7.903760297652643,-7.557797521771846,1.924633818658124,3.799173345611075,4.2162301079757984,-0.3453283482555799,-8.698132812993743,-9.837607809825219,4.739541793624732,6.669399318318993,-4.002361118425695,-2.0690472053832436,6.533504790793781,5.003001966581457,-8.947412500063026,7
8.411687576030086,-3.18032757446919,-8.261665462892612,-8.824993954663816,0.07275817561009817,7.977771210640616,7.665480684902796,-5.2398604614847075,-0.42566764535229495,-0.8106025821485748,-1.2290392097384895,-5.20995479804109,-6.565483633565567,6.62345290036897,-6.554668534422059,1.884433456454542,4.325535098808092,-5.116488436581497,1.4976301536662766,-0.3041224680070074,3
-4.875076181097651,9.652670367344715,2.7021700215734326,-3.071103068044226,-7.989133291042853,-10.118019531705803,-2.505391812347577,-5.667064591019163,7.42706250965396,-1.9547904298146206,11.11613321497412,-9.629315898457982,-6.728000714216602,-9.390070000554548,-1.341801333248947,2.287842617534975,-0.36922650824481384,1.3184175907266182,8.746213397244572,2.2367127822408377,4
-6.142140324028766,-7.421401746266914,-0.2116469413256003,-7.960930288671339,-11.31855010564011,-9.510429677912946,-3.421726997408679,-3.1308290270857384,-9.738712823309761,4.515113407474458,-6.499439750631347,3.753320367337522,2.3983421817188897,-8.350261286131634,8.658788027711337,5.484641279031739,-7.890841594478365,6.762873556371393,7.834285096441052,-8.55235965034198,5
8.888038601631155,1.7253898018135059,-3.9952037702362544,-1.478789018913171,5.5077786155705875,-6.9478394061991,7.532085356568361,6.744913621322109,-5.480722600883172,5.915658542938863,-0.7912756181143645,5.656705846168443,-8.872906346862175,0.6960400765379712,4.965942573132821,-8.754656076935682,4.028256556934161,5.199168291337517,-4.467495019383021,9.278978747906862,6
0.7169663366022514,2.137987050508042,-5.7214876658925125,1.9403872969265663,6.617990912749166,-6.313692774382202,-6.621092883780364,1.0014790221913377,3.31577023145147,0.7869182754770931,-1.1662087255698481,-7.2869179658973895,-8.249690951365109,5.598785700787101,7.68190580876388,-3.002613489242635,-1.7104818072377834,9.509817327867342,4.561204416480749,-7.38503912335359,7
5.428201495059541,-0.5908084113033099,-3.4798649857639288,-0.5106179606512599,5.663608898300733,-8.418559527405689,7.028702106070582,5.651837273597786,-4.968129017228261,4.417839917145709,-1.9049554239660527,8.011975781771586,-8.566644164250368,0.8696092390401287,6.106530594373563,-6.82178443499651,2.735973961807305,6.514034105395006,-3.489881713156339,9.19191544886683,6
9.389918819872573,-3.9274055806890606,-5.35623790485854,-7.0117770183568675,0.23644712337461815,9.102417211329058,4.5710271466006045,-4.197686765385829,-1.3204608190158877,-0.49377466356437594,-2.3545912463329164,-5.407526935401436,-5.64621104103234,10.424547055533534,-5.604013804661319,1.9010061130096536,4.87126171569917,-5.746270703461349,-0.5613298369316684,-0.362016412367409,3
3.4438962925769565,2.228607263647368,3.36849177632542,3.6818084361440366,8.104725789750285,-6.087822968332306,-6.254426341394723,-1.2332107897727647,11.047402213752484,-9.245157160807766,1.5796338255195421,-6.147779796416206,3.2990158690649216,-2.5926042318764893,3.5020263988008313,0.870885015759097,1.542358637988746,-6.585202486248928,8.325444780372424,0.2793224070212228,2
0.13890988670408547,1.7735253709519345,-5.2693528077582075,3.3258798318938343,8.430521581957827,-7.062554526889427,-7.372750304044009,1.4922827171252178,4.6827249251666725,2.521888794243248,-1.2642153504709983,-7.61873629253654,-7.562638191386783,7.9734442868585695,5.666900319000214,-3.8931928415630472,0.31616381066620247,9.348896890424768,3.0991766537014236,-7.809452776619454,7
2.4751575678096134,2.9324400174680236,0.7963661341599302,1.703712320605668,9.192631997367146,-5.706426015730332,-8.925986188789029,-1.731407066919706,9.82835284341387,-7.979515472411564,4.8374423943192095,-2.752068055237772,1.9403871044408516,-2.1408203152824337,4.387043389219149,2.6226151164897353,2.100853695316049,-8.245675574981309,7.0259701167958895,-1.087260388378104,2
-3.6559338102956165,9.98493217914769,3.276796106466047,-3.5603776934586477,-7.784258394798711,-8.986207205861962,-1.7973287732836665,-2.7859399572963697,6.228203746593372,-1.1594695651930764,10.826455613642882,-9.598219970517786,-5.130204990892236,-8.692457465265385,-1.5326271560892297,1.856382974573169,0.576280029936689,3.021913566414888,11.032231252869058,3.1517039231778803,4
-5.449164015308407,9.48573944757565,2.151767146459486,-2.6175425054626054,-8.224182527873692,-8.53610742308926,-2.3332191100056376,-6.690115639728116,5.952267221651137,-1.699474551587778,10.269029789905465,-10.121367909086723,-5.347657611908993,-8.452292482466005,-1.9184182367277471,1.046324300962329,0.2639589275031816,2.043511610103802,10.850749174891838,4.813918167825232,4
-3.2355248989778884,8.519023063988856,6.545906815645891,6.803216381648215,8.098783319536402,-6.2714776798512535,2.216181441197348,-8.853943309338987,2.6343303519037664,6.305203577479678,-4.908295069063091,-12.190210604341425,-5.883889911583435,6.265797482357798,-0.9178802243455354,7.779625064924339,8.804513798985113,-2.769947229378408,-1.7704563036304948,-4.222895934450962,0
6.773544814490901,2.3839701452890276,-1.586780907335342,-0.4843025012376854,4.992689944375467,-6.410873673946865,6.895252595751755,6.010937022454833,-7.023810669494581,4.7904136722620505,-0.45481783895342065,5.750763375034368,-8.723024965767618,-0.12313790679448755,5.288341780083805,-8.581797907070403,4.837113715288497,6.011227181951978,-4.155286350786163,7.4205322446220565,6
-5.507551978074245,11.171602929961917,2.4021369955358476,-3.7438622756496645,-7.420037694431949,-7.650446297715033,-2.479214798785236,-4.5524718025491,5.972944820804247,-2.646639596127895,8.758852905701106,-9.639827739089409,-5.6445028281306335,-10.958445656144828,-0.19026875052658054,1.3300954389551514,-2.478557346304688,1.0787703880309676,9.967504369880832,1.8089940449863628,4
-8.33555253337293,-6.502433082004033,-0.700022337705179,-9.29351986500935,-10.308765282497554,-11.106402658792183,-3.2808514138141547,-1.8844805511641538,-8.990431713334269,4.808324773972586,-6.375974334813979,4.201396627244018,2.4406872342024055,-8.957324423866288,7.871855657684999,5.30429580591979,-7.2334087711788175,6.469010960520197,8.252928631430784,-9.666185635478381,5
-4.281663799036491,11.134335568689966,1.8781785242617708,-4.30033799961388,-8.240342027718565,-7.773150693656488,-4.277531829110124,-5.035813775015003,5.638253897519061,0.6160225999180184,10.462397114533424,-10.528502266097927,-7.266489338746799,-7.774352746177439,-0.03981148873863649,1.4378270174166965,0.28716859377750265,0.8434305830970581,11.034052795311828,3.361362623127868,4
-4.35508150507638,10.375686924754273,4.038010244165387,-3.739979146178939,-8.961580074120485,-7.692558161397709,-1.6752015183674198,-5.433399329469001,4.650803626366882,-1.0683475322446068,10.007437827422306,-8.59820158985258,-5.103426489960585,-8.586998068045268,-0.18259193638686344,1.8119037362126396,-0.6116273888629983,-0.03307444836771212,9.712727035075018,0.6709905750402294,4
6.6549923974588046,0.3769659881763304,-4.458557460351722,-0.8657425312519607,4.124111094100865,-9.424027194955098,10.404137556211968,6.198141113645851,-6.715459981568095,4.682609621910022,1.84593646666432,6.676532434697999,-10.23558726903704,0.31555408031648846,7.491283680005088,-9.70128113433377,3.5549250867058864,6.462170988834854,-5.799378309871695,8.859610598085204,6
7.921670386657309,1.4223724630478065,-2.9191693715654865,-1.4096668643602366,6.376826995934459,-6.254625550465374,7.155501744208268,6.6537936145656555,-5.909696829191609,3.757935525115946,1.3447552033548937,5.22817536476204,-11.601520850600348,1.9275846320670422,6.705018303058033,-9.010946145798503,3.347668911272463,5.403688194193153,-6.585680947863214,8.394920540279948,6
9.384466351057595,-3.3952387351973137,-7.108859408881869,-6.637675409676405,-1.647493442089656,9.858783756368219,6.914670367438898,-6.919903354072237,0.8271781829072211,-0.861916857847519,-1.8455291388791513,-5.977195527451851,-6.400371044857867,8.824964444794928,-7.28427536274546,2.115040620615562,4.001309508311,-6.1908934470867605,-0.47199359034037514,0.6349637489760813,3
-1.9541344679077943,5.345404584305994,2.3675077262064357,-0.7823762078716495,2.5423220947379557,-8.127895416094514,7.126323506482716,5.586343152248954,-6.848594303540566,-6.259801214449682,8.993220263047315,0.3040097916229032,-5.257635942654613,8.011278656783105,0.22001583136164704,-3.532722366496441,1.3064609817944857,9.443203184399264,0.7478596451335854,0.1291726449718104,1
5.70830768258662,2.304155012546281,-0.47973760452923697,4.237726777256212,7.922362326287427,-5.865569732866454,-6.260890673320128,-1.9925890677581335,11.443628175423388,-8.177624969793111,4.24957620144237,-3.5247055256065885,2.8122684625636993,-1.7580299596117217,2.887771439286107,3.137823589275101,2.1642205418892857,-7.256176623638664,8.306160574092189,1.8221241871082463,2
0.15758666406190833,2.3714496966314202,-5.7236243137104825,3.5139467236134863,10.255576755845638,-8.184439017150702,-5.396591840871623,1.7087440662752973,4.8659208060379715,2.9649085713398318,-0.9026794882659003,-8.454719811325745,-9.307222571742466,6.7732137591548724,4.762531416343076,-3.346223381707604,-0.18016580461011208,8.895978579838825,4.319363756065556,-8.405849359213294,7
5.765620546144496,2.745913190304066,2.8483986024406827,2.624187726643483,7.682060852561049,-4.019595264412065,-6.662580078828777,-1.709540955679369,8.725887470667503,-8.51239207990342,4.033100378486291,-4.400944060944562,4.2236586029779515,-1.5189227719108387,2.442422940617095,3.2255376555657986,0.0723074393224773,-7.634194279035151,7.929241080350384,0.6156252133713693,2
-6.166676493681043,-6.860572338246268,0.7486366985424577,-9.379064335261972,-6.689100288583885,-9.26579917797198,-5.72165130152505,-4.848927726482552,-10.096102743726105,5.546765635513125,-3.373807269297324,5.421341170133039,2.0397490384688846,-6.418324156387343,9.714064260531675,3.2928384131150947,-7.59292020294494,5.92534698230925,10.686645429941878,-8.00299468133329,5
-3.823912876701942,8.638033556944379,6.383716638776441,6.073314110971765,8.235556506706352,-10.672731622600661,1.0759987724483238,-9.188878861510497,1.5007365609394827,7.993323648038439,-3.1179978219492774,-8.831767736825682,-6.0486158986883565,5.143762472491529,-3.1839715489389353,6.652760720303748,7.459875225054434,-2.4453160130942724,0.4676788355694095,-2.8115161160574034,0
-5.109436672561017,6.55501346669287,2.021091280756555,-2.216617973472277,-7.351954755669957,-8.073078335151315,-2.8350045799638774,-5.255637180520966,6.4159342624733915,-0.006685597664191634,10.066482094410281,-9.319520841684742,-7.567448584655962,-9.209946446274968,-1.6726472674627846,1.493766444002108,-0.714390846356221,-0.9725931328472894,8.398190639561063,0.8554411603743237,4
5.830608854786598,3.5953766030239236,1.7232031412296207,1.6793575150379523,7.75742478287467,-5.929333526158172,-8.131597049626826,-1.7377461195640822,9.70448363273607,-7.080082471715812,3.223805084100535,-3.4363523317185845,0.9028411294216312,-3.4030751645671007,6.369424825720424,0.6768038613348899,0.2321201250683812,-7.330863198462438,8.207104648855886,0.29110970165607575,2
-6.3664696777730505,-6.709648530969655,-0.7373457357746376,-8.322478030006,-10.240533012298455,-9.422514458043658,-3.076270876792871,-4.6681245545756695,-10.937953694539353,4.503956683448095,-6.573313829093854,4.80042937395958,2.490481600263952,-7.8963225782248125,9.020928045784398,4.037110099721369,-7.366277219178042,6.711354624242184,8.560018873929192,-9.025966726225622,5
-2.1454123557709575,3.5996039511152143,1.145468551943845,-2.5432321543115766,2.841014503166975,-6.856328530861622,5.670030933551345,4.6893390436171565,-5.524926186075146,-6.1069192393049985,7.5700057864199755,1.009965824103612,-5.3632214059197,7.9620133789324345,-1.085033235597391,-3.6069568873534665,3.670248455997373,9.082156335829811,2.1431688097503825,0.6071994348729295,1
-3.6863489014000854,8.725732597394929,7.624936386252742,5.810100963087856,7.450807052560987,-5.6997754522497495,0.8209734095103265,-8.635926419458384,1.5709559271229225,3.8324477172133795,-3.3128809341409973,-9.558294247596134,-6.5260126056671455,6.101420297055224,-1.1151915625604845,6.855572498897502,9.42861256123481,-2.2999470710973187,-0.5512749740599927,-3.4483945887447547,0
8.879075187493488,-3.104527692681703,-6.8808659214610355,-7.024651027679626,1.4099824095482167,8.74961732504439,6.738914913622543,-6.330484922793558,-1.0288815332441235,-1.8574081405189788,-2.550781287853761,-6.599967664398466,-6.1480015589299235,10.19048587172628,-7.827910505105305,1.2825343438741048,2.3047848269358107,-5.595995729529393,-0.503310880370476,-1.1944149047204908,3
-2.039573634148392,3.468637089371489,0.661779613792685,-1.4876899861311332,0.6682657402534682,-6.414165068075094,2.866845371900558,7.285343220189044,-7.839432843025159,-5.613480852406631,9.417466404949632,-2.396719439452524,-6.503306846489956,8.234227514749874,-0.918901294794307,-1.792444267395029,4.021504394725244,8.842707983585061,1.0422652355109054,-0.8624810242073866,1
-4.384472847152008,11.24254885907545,2.4156292777640678,-3.5466311795776626,-6.2872843377606555,-7.384192310551945,-3.849547363883432,-4.57564820770954,8.705476900388604,-1.3940499092016911,9.506331372683459,-8.818191176875864,-6.222161025742865,-7.65159968542775,-2.047243318486959,2.8066196083622117,2.4887213762059233,2.6636621710235175,8.912008510863295,2.462248152951195,4
7.744994059243606,-0.04782873568173751,-4.346453895936696,-0.49788629576920546,5.057348922978094,-6.771218203806626,8.24501410237002,5.690975352893782,-5.070397950413319,6.0553951487342195,2.503321483749589,5.900861127843688,-9.662827107639387,0.6696265756571977,6.161041587230288,-7.539844296416236,2.8604445427851557,5.6196418750895125,-6.1727745060382775,8.866027571108255,6
-1.9034602665347211,3.606963520655239,1.7662803228383384,-1.1392093520140585,1.952214502496859,-6.476166499532331,6.321367127912386,8.10879242778679,-5.796763118402312,-6.260224896044465,6.774441420323254,-1.1945715054395385,-6.160052213942142,10.29805305499333,-1.5457921062699107,-1.691705990655516,3.6458388655056537,9.236323741222208,0.26723051917883445,0.2919114266736772,1
-5.500393065437087,9.50032084113023,5.504979787341682,6.346398111660965,7.171822698210727,-8.605564744580324,1.756286335055072,-7.227340940626667,1.2516365025022416,7.31405112405558,-4.193324313401938,-9.843991356913955,-7.661981739948206,3.443429506625227,0.30704956558636776,6.892001597227122,10.857750564033948,-5.795419866279249,-0.3499080844024453,-5.76464295596573,0
0.06853930348913032,3.1162713901737473,-8.656867098331684,2.2745381526999298,5.975833091576673,-6.78125519529455,-6.020560588695018,1.70846570855461,3.6068630270625914,1.4273357143969965,0.17437321596693545,-8.176681100842435,-10.11143363303834,7.054285517136224,6.59326977441214,-2.1698548737200265,1.4558258613315012,7.0795943823765075,4.4162355823885004,-8.578376880682525,7
-7.487951341315862,7.847390720634331,8.46350488237582,5.356832202192406,5.471545525140272,-6.180384157008731,0.4929784390507568,-10.360521413158589,2.3734807381135106,6.1343052777839935,-4.959887411932616,-11.342729035238113,-7.618349501944325,4.460459432420051,-1.757067536354215,7.227749611307563,8.891324255027861,-3.0067785108424276,1.183662626295538,-5.121830100218796,0
-0.5565533211345285,1.3355594959313872,-5.942533959045605,2.4984487459642204,8.56367949418211,-7.215699771513259,-6.354376312987877,2.8280659596155155,4.15528917350159,0.7085425204244202,0.9379565904530076,-10.316558903930904,-9.068105236290688,6.943738300434706,6.5006556001544125,-2.6293061470636947,-1.4512293138755485,9.399454959758565,5.072666219573457,-8.632469535821963,7
1.364446665809639,3.060482111906635,-4.71143467301882,2.084596757546895,8.310240652545518,-7.996560324768726,-6.433389931491294,0.43464527647717843,3.315991375155525,2.674532180461922,0.006645698454191301,-9.552855889243189,-7.630426194540721,6.166224523419341,7.050797725911713,-2.337038459327401,-0.20580298642934894,8.558894123244249,3.70191052903572,-9.8016196299646,7
5.532857136088841,3.6688596587968254,3.0008342116999778,2.2252081984709458,9.203241051619782,-5.294255045178663,-6.097799164678204,-1.8805801802685005,9.19038448528431,-9.125162528886245,3.359387922440235,-3.598708872819941,2.556566851981658,-3.2429657884873677,4.257916656598024,1.8216140139388923,2.0520404783136543,-7.677877443815703,7.546568594252051,-1.8371028449109275,2
-4.250196587627656,13.178349940725445,4.412561597287481,-2.1763105388149775,-8.376293383659231,-8.331700696602592,-2.3014024057976448,-3.3313821305823446,5.234436715796853,0.19268430471744025,11.443365386866114,-8.401363634742166,-5.213192173130247,-8.094069835741763,-0.51741487356232,-0.10566815421332754,0.14102006300179748,0.28666969863477654,8.712384265067302,1.290479440978851,4
4.868126827219134,3.492631756604208,2.1990094210575366,2.8538689778439266,6.487844358452659,-4.30779235103628,-6.49761776633582,-1.0387351094669368,9.756236872506387,-8.764180238888425,3.2825354051525375,-3.2150554326658245,1.0286456460851525,-4.44721404442178,4.083296277928713,0.3460544809054369,1.6095048003952948,-9.462503550277514,7.327523078517765,-0.7536216794480943,2
-0.49413814585043164,1.8117030329451054,-5.143064487207147,2.497468383098157,9.093052065247141,-7.425481505661006,-5.914164868044228,1.414804604510272,4.391670689620513,3.408893687002666,-0.6187508769941885,-8.88056497888886,-8.840877107482338,6.019356605722012,5.955762400292845,-2.2905693439931394,-0.270792859404945,8.959574883286393,5.251207504017571,-6.917148060020906,7
-3.262307718653192,8.781364368123647,8.241419523507673,6.871020098637136,6.525779741916785,-7.876517088019495,1.0829231666785355,-8.493301380549646,0.7189964682265377,5.699327166960808,-5.535810561302422,-8.140181503775224,-5.523255779114168,5.101699897637086,0.27737713372956163,8.147743652617951,8.929726657468304,-4.128565526313634,-0.41911417171368964,-3.6395653327844766,0
4.612304868008942,2.557784540099756,2.4314606045403138,2.6122052294519214,7.747843864861777,-5.476300462034758,-6.277476670270019,-1.4035708472641928,7.748044406832984,-7.009455544296411,3.6199372256498266,-4.483803078191016,3.4461210503793094,-2.3732137320166427,3.1125866376291427,1.1029714302145046,2.042955299683515,-7.644279418053695,8.912989410540277,-1.3830357499102282,2
-2.324001787507876,4.913898835533419,0.08852971237712892,0.2509700023235195,1.2898305487654427,-5.65859863841759,5.612135536757858,9.250682545303498,-5.078631144242272,-5.406571863751197,6.813222466096031,-1.7247341396681413,-5.471176239480384,12.349509225707186,0.6236915638927809,-1.1422443270319629,4.036586373896494,10.229804174770688,0.9253859635405494,-1.3847709630502347,1
6.942410159678713,0.832863428814737,-3.563388878837154,-0.6217184253329862,5.081641075889938,-6.351649392604997,8.85639227944515,4.8967040442285095,-6.149384560701997,4.290008648411618,1.6371499654431891,6.4267029136268965,-9.4904120833451,0.4596796468158576,7.346740617027718,-6.727180331312284,2.3933365529730093,4.281761928709038,-5.8280860614556245,8.221489492332655,6
8.164424003194735,-5.0964134090929925,-7.219269321593723,-7.9625749525982465,-1.1418110037442069,10.75430271036545,6.634781110759027,-5.190113739652078,2.6336592620035004,-1.0418445406687848,-0.583979120391521,-5.018703126812549,-4.777022843950061,8.235556421037861,-7.545291446408299,2.02788888681495,2.685484548860619,-6.30673592808252,0.42395468306400513,-1.2755615865717151,3
-5.657733278654094,8.592172935855631,4.0202315141645695,-4.535407566830536,-8.537276146877547,-7.5623747423470515,-3.1876102470761265,-5.029456250867647,4.5109245277081715,-2.2447906035295215,8.933032634243427,-9.497764637249281,-7.3756444084662025,-8.44286556323979,-1.3085786178807235,1.7482505908726464,-0.6974338781840527,2.6732181963582136,9.899226367827865,4.745785689793736,4
6.099857298772598,1.4946037665628422,-3.1581258676839576,-0.25152650610853156,4.97041246945629,-6.688888049760662,8.49818183042163,4.3635040074196585,-4.486152299646951,4.934938386585512,0.17676808973042446,7.68199623137859,-9.444248114904537,1.7050311836830936,4.458952061734004,-8.268591315092733,2.943327110201315,3.9487530669049957,-4.206590896487992,8.266323134364562,6
1.125738473093985,3.5836191905598094,-6.6519622782361605,3.556323713416935,8.430051576526557,-6.423292359620588,-6.28922052182293,1.8289712015405923,3.617255758235104,1.9126973505037204,-0.26654159764119056,-8.439594572188412,-7.97979143781466,6.0488944151077995,8.372512042880121,-4.9523262914964405,-0.19891078706554277,8.696484799922676,4.814904278748861,-7.716037493889778,7
-4.400774147894089,6.157221460899342,6.700570731270955,4.980767641122515,7.046119610850119,-8.181248950361976,0.08634989470668075,-8.708788733276432,4.401535065416808,4.64352175134773,-3.7189104109520295,-10.264687509295044,-7.1514804007350055,4.051862630912061,-2.5497589567683594,5.980518586386861,8.864498519243769,-4.285795031234237,-0.722235184199615,-2.9952025662173147,0
-1.82166369966178,7.628401684649995,5.619803930844765,5.935982701797024,3.8391111714859156,-7.223992952776753,2.3117509982487254,-8.389227989427372,3.0911910872564228,8.573899825698685,-3.3684293766549933,-9.315633813256992,-5.43322040525521,3.3698554893111075,-1.1601520266785081,7.6945945119983215,8.883624658787593,-6.517667892343471,-1.9674277824391615,-1.1583916288293175,0
-2.8040333068290666,4.031635456208794,0.5169361648494734,-1.026431867423073,3.298093275230912,-6.029908554343249,4.5011138375257325,7.253999697836343,-6.162748562919631,-6.2366180111929825,5.918668743189828,-0.23280267892073336,-5.727070389355524,10.381760639155225,-0.30045157799711375,-1.114020701960306,2.8057546720077227,8.435293464059477,0.5097455622199903,-2.3797040606476627,1
7.559918161951498,1.6215324771575195,-1.201458235487428,-1.0753712334630738,5.690047822729547,-7.690482645036469,8.36785016817384,5.8740493017261235,-5.6237168935971535,4.332813075200488,1.1381129562062757,5.595676319931488,-9.425893103046775,-0.6932153923063249,7.834919705179073,-7.102655564228555,2.6411894071599815,5.868467959356129,-5.191515906861507,9.72585539245669,6
-1.1061225537315598,3.8488628627082453,1.8308657618781248,-1.647711261349968,2.942368050850455,-7.029581120113254,6.26945574137962,6.924899613918671,-7.2623730229201495,-6.2170249564695395,8.065073113413627,-1.2038914371329117,-5.689805540680658,7.334348755777338,-0.7630628777644346,-0.5305635034544525,3.4007102789841523,8.727494648355512,0.041680588071122404,0.20586245994012542,1
-1.1832478814388396,4.278766335996725,1.5126038957416417,-3.1165147571202727,2.39301904365044,-6.4315034422034945,5.402919714142656,6.9914402620305305,-6.926250012451623,-7.841190860275242,8.021169783014525,0.7985670281606021,-6.053833511419664,11.884917927749,-0.957434701437846,-2.3640529053896833,3.854783119905067,9.649150989596034,0.8199624796339939,0.12218792429012781,1
5.577340274641267,3.9797610727301924,2.026554126450408,4.2529579920743865,9.867674443787356,-4.99801295613237,-8.23424339580764,-2.537822617944635,9.914220026405927,-8.156889390707141,2.0574702948235872,-5.11440216628182,5.139750403158176,-3.6943442824114054,4.560307640163661,1.1428552759057398,1.196916482059072,-8.739694795520377,8.24733134214911,0.8336270668450085,2
9.105674643974899,-3.337441825355939,-7.609659598186026,-7.699910656245535,1.3792078755137542,8.831995141589442,6.263721405112016,-6.3095503376503475,0.6873099181003125,-0.829344862896571,-1.9999562987383697,-3.9192687579599728,-7.230040092244071,7.979013042923421,-8.477620756771572,1.1087117178985402,3.3204123625399893,-4.386790789331182,1.6031467555256746,0.531435704693346,3
-3.4846664459306744,9.620567388039857,6.932331286179379,6.497988902825842,5.180822665643619,-6.071381660505621,0.1377897788144158,-8.681084830417017,2.456658412021032,7.890319403684164,-4.723279979105885,-7.99379702881877,-7.292908759663882,3.236989493177647,-1.6085965845334678,4.486049592286065,8.864595593404646,-3.5268533584657096,0.09662526871109234,-3.5838117598699095,0
-5.00779738675203,8.889033515312347,6.627980013159527,5.493790922502092,7.296014730881742,-8.013512611156868,0.06511640431169208,-9.10476326048031,4.137652078797019,6.8419388332978395,-5.268797762265526,-10.081162225498149,-5.944972598696467,4.2619105506488815,1.8065037045648782,7.996323871047804,9.751806591030002,-3.3315973589882906,-1.5873943262379442,-3.7469960870853107,0
8.237270210780029,-0.3777921370246107,-4.096936843470663,0.01185822572520534,4.633419811340508,-7.716908732490387,6.5963650923533494,3.509135865997498,-6.9733748970845415,3.153884884338506,-0.3395816929207792,6.423131027442009,-7.652522508368755,0.4994921958605908,3.3927155305143675,-7.2324152954634435,2.8877490480659582,3.338967688455186,-2.863169061148275,6.897425517361625,6
-6.073078188397439,-4.182608386570438,1.5632171787696219,-8.123484031961564,-8.720580485485772,-8.428035934931458,-3.400592333552943,-5.048201095783806,-9.82027307701272,6.002436142249776,-5.665149725730031,3.464827721597876,0.7126989244804869,-8.759091598735347,9.291498386211885,5.858470975590515,-8.303521246067621,5.516699620982749,7.454971103078622,-8.36277211740125,5
-3.395694360447441,4.14092939181667,1.5180415212707234,-1.3079643342625513,1.5119749410270948,-6.812367447556597,6.105688672534516,7.332169740597793,-5.839074103208788,-6.721693336001892,6.363810630034571,-0.721728576242864,-6.086161572330309,11.585671073540446,0.0037563983677058044,-3.0019141749087614,1.9693379125178698,9.678117356571965,1.8819626945558767,-0.19556252194387377,1
-2.798838687745468,7.617088066918715,6.398241364717863,5.4659578911923425,5.676518399524475,-6.355711814865054,0.34159305409054075,-7.942827191881753,0.5320969262007615,4.576123751770594,-5.714968651314297,-8.24053750688163,-7.32223705858731,4.991211966345183,0.030139316342595812,6.898316103120649,9.533633165697037,-3.4955187317224894,-2.073185476543421,-4.7888067962456375,0
-3.985552393790085,9.904733688708165,2.223796324171965,-3.3506560855631884,-6.634729298837163,-7.868998412586714,-4.779493779473472,-5.690272144547524,5.891998400176463,-0.02755287396363315,9.61936676533029,-10.429990940891537,-5.039940678323441,-8.081139088660573,0.44539252767314497,1.7784029565937534,0.5390797593068599,1.4784240492369178,8.836147571647343,2.013058253417631,4
9.407595589968476,-4.052653065087333,-7.528473322229308,-5.971473471284109,0.9317288338226741,10.606621385712014,7.649296738802325,-3.612983190824019,-0.12845642304334887,-1.204056519729702,-3.139764878562045,-4.4560576792213435,-6.553771956206873,9.790818527752572,-8.342757840899138,2.6382548942189015,3.5990168061822647,-6.7250731736192755,1.7522845971002639,0.16911231652437198,3
9.044583257789707,2.694367156349008,-2.571049264145772,-1.8323657158034237,5.377374051363369,-9.945798854172141,9.772061258975961,3.4117319608669554,-3.6348958493632963,5.221678761709438,-0.643829964283209,5.7153240971944665,-6.8829078923678875,1.4914054820775395,8.213878829522589,-5.885941813746491,4.245388393818224,5.760519645289792,-5.324155760294346,8.58113445745006,6
-0.8735571121268209,2.2792545665352293,-6.738481597615623,2.496815021237511,6.326205840522569,-6.890826946641483,-7.084930144888344,0.9607899848024277,5.406602339163925,1.8296046026508799,0.1603776018026028,-10.219093361819544,-9.294518015820154,4.782043397827621,6.141105972584241,-3.3570456011418446,0.4931969817100208,9.576218195358017,3.0588721550690297,-8.193127844942689,7
10.863358884497448,-2.6254250182256733,-6.804302476078268,-7.255724121662464,0.4149272413294135,9.606984407238363,5.683288670589674,-5.299771838241934,-0.47625690846227364,0.48075708511410375,-1.5121748001362498,-2.3584908118883514,-5.338251327821242,7.939257870440346,-7.974454868373856,1.921933992982072,2.755286877406834,-5.49503700051108,1.2982295207386805,-0.47525698430867086,3
-8.24506324575205,-7.5025318797685765,-0.3185240279769465,-8.411873836072303,-7.943063572674024,-11.507077113275225,-3.266102934478581,-5.381076704741541,-9.914836398965926,4.401885054971854,-4.9581030639729935,4.641516263971431,0.6624325541323812,-7.817888164451126,8.966982213103684,3.6292648349389225,-6.348298205496778,7.252076876653662,8.827121282602,-9.701827332065543,5
-1.4799448448216288,6.537793938294632,0.9231416696417397,-1.795547552399409,3.068316157796078,-7.89112253691183,5.229243725381628,5.0897815834905025,-5.465239533433702,-5.406023660001592,7.551818135906717,-2.530364006575794,-6.67566748576476,10.329342584159127,-1.0226034035934426,-2.199727921352384,2.69503669090989,8.756499344315817,-0.8884897222624568,-0.709871548217083,1
8.219774429272347,-3.1093265928812803,-7.314878950072017,-7.640682164315878,-0.3605754756742193,10.882639998735822,5.980980250436756,-3.589134690288761,-0.37730849924715926,-1.0318031553996536,-2.8805675354819336,-4.955807130113032,-6.693010340925337,8.93014718313823,-7.391858985539512,0.6151860249141878,3.9681484542663226,-5.72360921984182,-0.2838031044011404,0.1220126066134477,3
9.893229059494292,-2.5623049937251654,-7.397191288374496,-6.0685727462904,-0.37383706178163,8.723861866747546,7.286189235344529,-2.918324852728052,-1.7451461034001672,-0.989433705414499,-1.389515420568079,-5.717347777075634,-5.858504472177047,10.4267384128475,-6.507224811452007,3.929629722078236,4.849667663373978,-7.522386795440934,-0.3285819023352856,-2.0312920883614614,3
-2.702680376888905,9.260264579304812,5.925185827110362,3.2483387971188473,7.664642863488947,-5.622516058033011,0.820674388825418,-9.460375365819845,2.3618776499768237,7.207397791719737,-5.232679307321785,-10.359712597543046,-6.1281954792304365,3.3603498959896143,-0.0773355152640075,7.971563909655637,9.114446405240152,-3.670353302853235,0.11347501156810591,-2.8463478746948963,0
5.2138272668727135,2.8407627256665813,3.229394564901688,3.289538107490514,8.976483499714467,-6.5006746781497835,-5.33517773033653,-2.154273681024899,8.861957388175647,-8.54345537320287,2.7173078069817493,-3.251027867043385,4.380343845314439,-2.6652098441714944,4.2097178830134,3.135885627556428,1.2618193723533464,-7.93198992503903,9.267824467699366,-0.14066537457131625,2
5.860275478552332,1.7334906091076536,1.1487569170313008,3.15711995357865,8.695089381842838,-5.371263716014814,-7.151978486942541,-3.6266828419348864,8.923594990160732,-6.694799238568053,3.3461437216293297,-5.774536439164815,2.9568240044082597,-2.6149470798412966,3.2350565308606187,0.06809145779604275,0.9203495645906153,-7.302924011773907,6.823149783183888,-0.12675669480713048,2
8.984386029178932,-1.9699771496333802,-8.309726341505392,-5.803818652541402,-1.1452927773846382,9.551536950124323,6.892421231873583,-6.088711702377849,1.3784323779483783,-2.1246639335738537,-1.1333073050202749,-5.676450163107822,-6.988921213984883,9.24586272876698,-6.660076046108874,3.3357312523951173,3.9717120316844143,-7.37685266271596,-1.4115115739902386,-1.212480937651212,3
-2.9443639066244423,5.385717085599722,0.5255730717406739,-1.8565910136426036,3.507070180487683,-6.598376601760574,6.253615694181125,7.167753898129181,-7.704233852721959,-7.085953955427436,7.58638590950205,-0.6611142771104151,-4.776396924083701,9.261108576402739,-0.5169053316520497,-2.4509779440987347,4.552539443798428,7.668846385655346,2.1393959924259423,-0.7263242047498433,1
-0.8120996051515323,4.764149019719469,0.7383404007973554,-1.1347204847664683,2.5650292560185646,-7.065069872279189,4.436974763492624,7.36196485939283,-7.034772679991134,-5.672810794849072,7.737361509658471,-1.4200390200238897,-7.391439707348246,8.57392321673854,-0.45716881386998076,-2.1599499059160205,3.161140673385491,10.334474474413426,0.3568957720401529,-0.9537943978840084,1
9.017612486211483,-1.6470128880988082,-8.41978753968045,-7.682877616833018,-1.7658392722861167,9.127264993421965,7.364138853516448,-4.569597331757455,1.2501240143417576,0.4188354859854361,-3.122831614143286,-5.171014213200609,-6.086184422769346,9.692108812738585,-8.748269359104402,1.4059312067662975,3.570110700002822,-7.137076924041184,1.879672370177623,-2.4110010565804423,3
6.761860847088493,2.821713940591773,-0.5690343899328671,3.454423573101842,8.277881857049238,-6.0453394263329425,-6.003050015648959,-3.659687269012855,8.537150639111562,-7.264130198582457,5.059578948153965,-3.392044251257366,4.4047237540737125,-2.479277109012456,3.6429969616549087,2.616746033547437,0.44962927791952895,-7.604895396853059,7.586605871037474,1.2533456519967097,2
1.5384098170856744,2.8049412924747816,-8.259484749003446,2.9043274662140726,8.82119700045922,-8.02612755556407,-6.562247829553592,3.440226163206367,3.729038837846502,2.2649093474308017,0.5730528510734432,-9.488525289418007,-9.218716758455923,5.062522154316433,5.792014098069836,-3.368533058900238,-0.12811338702959488,9.203743201198812,5.496565743707651,-6.699173582362897,7
7.881465669606142,-1.607006156152627,-7.134742559567495,-8.000758850129932,0.12971675471947053,9.940307701600368,7.882545742445407,-5.825684230461041,0.07622096409712201,-1.7733725346830072,-3.6783166370281313,-3.603307994193247,-7.429046442262635,10.585507146326858,-7.058969001623243,2.742720292324975,4.138183543974543,-6.202167003162462,-0.20613455296198852,-0.4740676308363863,3
9.589629898422709,-2.426136871937618,-6.25312246766625,-8.42802450465232,-1.6581499064918899,9.379999363337518,6.476782849713295,-4.766976972433337,-1.0753586384758633,-1.174311284020543,-1.5870786792131588,-4.551081592400266,-6.231742390630549,8.01316155065133,-6.5970222077017615,1.9934634213883036,3.5794637829478795,-5.86158176441364,-0.042814768238524925,-2.4526358781559052,3
6.889016218654433,2.935739107466603,2.6156733007552053,3.9665932263821393,8.464167623924167,-4.843042489290617,-6.934713932762951,-0.7730687699658445,8.929167263809001,-5.4727224112463215,3.108305875756936,-3.6105262972660728,3.2107192044609043,-3.2672639920800357,3.456078489550828,2.328424373201775,1.0671021221084631,-8.63627770628903,8.511014086735816,1.5256375411381622,2
-1.2300122927710802,2.9951398710290995,1.6638484670730975,-2.430744182997063,1.6609374935382655,-8.700692303550559,4.286838089022657,7.3092941944684044,-4.465160366872448,-5.569719714601462,6.579197440406002,-1.4211602635514309,-5.268257376516836,10.929433750782845,-1.7486373054640703,-1.6309158014762506,3.3579313248907803,9.804994470292565,0.6665839626278598,-0.12046528907483209,1
-0.7143790837688622,6.7474101754276745,2.685967556873184,-1.2695004893999227,3.108952843259152,-7.0171232969762825,4.452930582408566,8.112554339131627,-3.8711290446907713,-7.133534475333622,8.265723324296195,-0.913331896801057,-8.03932041309157,7.367700562893605,-0.28568182031432676,-1.2160318928124894,1.5498478291010847,9.23872051674127,1.206804370326838,-2.002796476623531,1
6.557909736776095,0.9719224268558424,-3.7033509083834666,0.754390821219767,3.8287697250276285,-8.285924727601591,8.756296108182708,6.385287875621598,-5.0490502684994905,4.421374049356283,-0.6900525606671782,5.910730329336742,-10.375370280916833,0.20170141925240048,6.234261358722351,-7.546531322025029,5.111363210779055,5.23553662328636,-5.935056657250291,7.31640729156592,6
-1.4752575576009703,4.026152713297009,1.4641419573095278,-3.864683805832408,3.502156800049275,-5.840472163621913,3.7144372066923212,7.811186392632746,-6.754120397448906,-5.981827292900864,6.613473370033763,1.0627378148822717,-5.9740556127144995,9.350504169045891,-0.7985568265632454,-3.2952268033685512,2.4764109719773937,7.332449665497916,2.3355835852662734,0.4205197448304173,1
-0.7024238151798843,1.4591671425396435,-6.646014519404229,3.083799623790747,8.888882531611975,-7.83950144992817,-7.249583735084977,2.675967768564509,4.353819788200674,1.6328365053440055,0.14016420764592646,-10.020519729677197,-9.227523519759318,5.031373790230442,6.669526695644777,-2.064724191071617,-1.0243747903487326,10.138589236562254,5.959415888862303,-5.952419481616524,7
-5.620980796417557,-6.084920355833288,1.6608440026856142,-6.128306393088904,-6.767612761906175,-9.014390828450592,-2.723068022275556,-2.360544646010341,-9.57228367434076,7.533417117064326,-5.248008391153354,1.8234258483880814,0.8841306855024118,-7.178024124151814,8.601112610387082,4.918788365696399,-7.242293501727043,7.286137364410852,8.631462860034517,-6.920554007343086,5
8.5570428446389,-2.969294701606462,-6.353629956855931,-4.744217863913706,-0.7123537772059314,8.459643916873247,8.088611888566742,-4.7291473012201894,-0.9735202654857644,0.15255317225077325,-2.770390020598366,-4.9138117755374076,-5.9354019888822505,8.824825166311612,-8.219726306738925,1.263827234972434,3.4328790622670793,-6.436430196554363,1.0353330858158294,0.6760390376317549,3
0.5088676590718908,1.3499711349290826,-4.362258189412079,1.9358855860641047,6.901928547315624,-7.064764313955721,-6.164348627920104,1.6741133173728093,3.798994115273112,2.356703426642461,-0.8560322647795072,-7.043123419468279,-6.982552015433063,8.007179687508202,7.191811612171286,-4.41556737732296,1.028521192791351,9.128623335687088,4.642078630116462,-6.770150292880042,7
8.882622132731324,-2.980670884648981,-7.529261566834275,-7.0095276831251025,1.2474495329547843,9.36875686354438,7.440061357771274,-4.543388308716334,0.3403168250664783,-1.1466625989168757,-3.627594852189083,-5.569998153136187,-6.651787040664701,9.491009518454444,-8.640045257424482,3.229532945609158,3.6547041348841467,-5.98588432285107,0.3789030940412712,-0.15118166810903544,3
-7.9763118380315285,-6.164646691360019,-1.226964125204081,-8.794521019078102,-9.78758776323898,-9.724207895833091,-1.5551927159073844,-2.460975734067999,-11.30366888160485,4.7759814763441275,-3.491772762062323,4.728195071981636,0.8810957629090579,-6.8427961338285215,10.011208801145186,4.129540397184337,-7.421997977074387,8.063629942236938,10.078924342416048,-6.058138612502287,5
-1.3450488805034824,4.31261281679451,0.9132149375041516,-1.9335042320954492,1.935565250871061,-8.336087628292864,3.353015044945749,6.07796882881673,-4.131942047452736,-6.717830120993713,6.508500707372328,-0.1348485563477656,-4.958110106623431,10.017382055172634,-0.14609891368196692,-2.1728598480226298,2.2090363448692663,9.395663739738154,1.4672269481364815,0.21070774918167,1
10.275476577961058,-2.412410403470319,-6.503720713643687,-7.862542344012509,-1.0175192725586362,9.271994763822242,5.4283732443356385,-4.921119723608517,-0.3314482050837356,0.42842999089936384,-3.3319258326004624,-4.4187177515212825,-4.972388055854651,7.650899579846136,-7.590901289058801,1.7314194928673647,4.710998171229896,-5.841728982456426,-2.8614594087329492,-1.0149983574905095,3
7.533605099538335,3.8646547847213792,-5.081531725165403,-1.3145067945479083,4.568586686132472,-7.648383889007225,8.314828612668908,6.713826553056717,-5.825805563633476,5.240368922787925,0.49642518240046035,6.2281467307020675,-8.641925373822767,1.7378787778433264,6.174507322169126,-6.2299615192484605,3.7044438740435086,7.22758023295944,-4.623759035704905,9.429017874029132,6
-3.7521291105801415,9.985925662278571,1.6855559864935061,-1.8772299866368418,-7.718410754509458,-8.820335827386625,-1.922297349554038,-3.781088341692193,4.28593965619218,-1.7228062624181553,8.52137518160909,-8.801849907098557,-6.806546408466854,-7.587412880249751,-3.1630741280695966,1.4960861254613205,-0.9042971015817529,1.5572051338595578,7.95105172531805,3.079914660824551,4
-0.30072336052984694,4.894727688224378,-0.6797819039528605,-2.267529644155033,3.428176016534396,-8.333620178531259,4.9790907103424225,5.2754384578016795,-5.108390287605607,-5.220521224462391,6.7244180382274905,-0.5570903834686397,-6.912139064218222,9.78522911701888,-0.8265773164444148,-1.069047506493973,2.756123480880741,8.106895381098944,2.1967640678692812,-1.4368160459694441,1
0.7492993611885397,1.780138027219892,-7.106844939555819,4.276743764816091,8.695491136390642,-8.941953405005929,-8.15268195158469,2.768098194362313,5.338188028304411,1.7530869489695815,-1.0148153476242396,-8.368131597492004,-9.917334301336862,7.799739100605809,8.093162263755888,-3.901786986496221,0.6865148677335859,9.434236552855854,3.4752385456853974,-7.635638366177801,7
6.083974643029844,4.627614377360285,2.394701879514798,2.5474612643811443,8.263913042067916,-2.9775641015841785,-7.893235221582492,-2.0134068362711353,10.896258706934656,-7.801061531901571,1.3592514248488001,-4.894852456921951,4.839001149394604,-3.2557288420460457,4.221157682048013,1.3838846633807909,0.7524696478808778,-6.5136497336805625,9.209679416590422,0.04684320689700405,2
-1.656215562431547,2.891720762050656,0.11750973791906905,-2.4662833015999466,1.5268638827152141,-6.965354477118115,5.703886771178913,7.187059372200396,-5.286661699338059,-8.69433000840931,6.388468544347866,-2.1737792331017625,-6.48675650018939,9.25652321427639,-0.6383198432133804,-2.4208584747763253,2.9903539494266207,8.667856850979096,3.1000321004209814,0.18602912572568242,1
-4.51271308422262,9.190803261400307,6.054955556121636,6.5372626416337365,5.871229494532917,-8.719425003641511,1.089884934681404,-8.069371769978797,3.5832852034305622,8.428889967944578,-3.9592185607317063,-9.707705140293136,-6.365537707087196,5.657491301725356,-1.3869912390874366,7.558220043404592,9.853494300958744,-1.8617078694592735,-0.09499638051873693,-2.826349308604832,0
0.47085803365980705,3.3199356118238494,-5.425250434675007,1.6498829748351933,10.059134693124905,-7.942590433289878,-7.1809978700691435,2.0409603560129135,5.429382539805189,1.1502448408855364,-2.172736408677199,-9.746838566556859,-10.7332748666393,5.257328927216644,6.246043481924486,-3.6887795763827476,-0.028243011576298493,8.799428625267995,4.495969014460433,-7.139417414528747,7
-5.64434792657033,9.934217218211934,3.2452732543259524,-4.469952432363609,-9.13093727636571,-6.983872227550457,-3.5569505264988983,-4.209545061999867,4.314763614023132,-0.32734375990937137,9.883375980510525,-10.096355388595798,-5.7619943572979535,-7.340441972743009,-1.2915938137437133,1.0336228384705142,1.1855913914899208,0.6409527982638747,9.258964836842003,2.270714468168344,4
8.737243302856752,-4.85875843548207,-8.991331878379665,-7.568260622240557,-0.9477566091465667,7.737937688508328,5.5444522953259545,-5.000550633573748,-1.3923370873466698,-3.3434158935380873,-2.5090740365262287,-5.209769566244923,-4.658810481447816,8.100987421439427,-8.25207774107622,0.22845787796835104,3.2754474644678924,-5.798607426607208,-1.4073489844680496,-1.6244021563566597,3
6.728596523118447,0.22310364632667667,-3.3443777771037304,-0.6779590493840881,5.796439403329962,-7.631695906264621,9.636896939350688,3.864193072641048,-5.202195215406631,4.352293963609932,2.5836051689967694,5.75871396807867,-8.9052391992232,-0.13568418573629693,6.977918312463144,-6.781982851883172,3.011668515492307,5.987769136876893,-1.4058829619712894,8.69430071036168,6
6.3461018006002075,0.7106474955957993,2.403835706891567,1.08858734318661,6.087817847380874,-4.1072080347798305,-7.376562943824523,-0.8710616197015288,9.938893828874285,-6.302125163910914,2.8849889670836535,-2.5768283226000293,3.582838593012435,-3.1104985628971633,2.9963994088769916,1.1510112697442452,0.37379000017122754,-9.944901982415889,6.521659302125318,-2.5855479224536984,2
-4.342820210432156,-5.930417060773321,-0.4256031481723486,-8.526396820884944,-6.947406683168866,-8.960651502563886,-2.6083284570383327,-3.3256675224226218,-8.7160478708855,5.909662262532823,-5.096874206145668,4.254222267149397,0.8131023125364558,-7.374699120423482,10.12003732313799,4.03970388444183,-7.049048633469598,7.946465754665545,9.780829278298661,-5.523763680756286,5
-4.433000497482176,7.4751833739250575,8.209093999315089,5.954767766140946,6.676617569779642,-9.16930308042594,2.6207132444081003,-9.15971554734348,3.0011791452564456,6.845107687729048,-3.919159806158765,-7.782960656861504,-6.397355090112708,5.240312084018614,-0.14621290727233321,5.950485704872769,9.166578069047224,-2.3403108648683366,0.2839774313837605,-4.350180264196577,0
0.19254506533332993,1.769554157454763,-6.744688719930252,2.54651222555004,9.469124954396102,-9.721452798846952,-6.672865048968383,-0.18995047729269232,2.7058650848691594,2.976979676235046,0.9388343097223324,-9.411976167790009,-8.13570244432948,5.425701250574108,6.222449941319401,-3.5111170759004624,-0.7820754892166372,8.719229208903663,3.2652607036454926,-8.517126011196313,7
8.31496491215693,1.321325204219205,-4.355283527225312,-3.008992602071296,6.231212322943148,-7.758893927025811,8.396523900982723,5.538735995979411,-6.499577503282876,2.091440630333382,1.2450508593599117,5.584276157196495,-8.927577979839125,0.7534067395271971,6.983094701155918,-8.457183901061473,4.2494717191425195,4.806662749967808,-3.8797074779605767,8.856004373381678,6
-3.841814041480889,-6.291229856430359,1.8963454246091216,-8.744326771422568,-10.056774373026393,-9.431151383446622,-3.993823788464675,-4.61424408338273,-10.889723508140115,6.775668547789852,-4.246045236379373,5.423143792476029,1.3740972324253844,-8.56959795359646,7.6000321801881325,4.922620506725275,-7.102376680279256,7.526450640315578,10.549439038478813,-7.807533764511676,5
9.13877868002008,0.7883481211281769,-1.9875113789008285,-0.5690963531510471,5.874563563958527,-6.446738600715532,8.046604985264782,6.272423132582844,-5.196964882162483,2.988618055600318,1.441653179741394,8.45368682329479,-8.622299286554155,0.00026396324598709775,5.307993520917078,-6.980765401563341,3.4410430961367973,5.473725855932424,-3.800946682480115,7.381696725771335,6
-1.2117498101212527,2.043513674047161,-6.933554268696441,3.359864457946303,6.735285564893868,-7.445292559487451,-7.012746564084614,2.066000668688697,4.094767031715534,2.44565455726984,-0.982526329490725,-9.658221394153605,-10.124193348228998,6.58956033309313,6.2621955443972785,-3.8259214797463272,-0.014180834310985546,8.942082208372009,5.5540801802155375,-8.919403899892048,7
-7.734145154423185,11.031680130024927,2.191876324885361,-2.591910337209562,-8.822552138207602,-7.843212802492112,-2.955319235990094,-6.139602936071424,4.50639074500936,0.32276167751205986,9.474535392611731,-10.52249073520156,-7.054974620214559,-8.0485341132905,-2.2853122838568742,1.9553853976178517,-0.8117658880450505,1.2380736176743838,10.512878893148743,3.8023119136701338,4
3.076690173396356,2.667707416702,2.172833323090436,3.12256838361168,5.606124934397368,-3.7157729332202463,-5.754481530776646,-0.42248989120902536,9.971226524491655,-5.830239695677028,1.8834574970912774,-4.370980703712725,4.890757723290088,-2.015184711626519,4.339644742741246,2.6712624723246767,-0.12551513845753304,-8.863976554073009,6.94064594778293,0.7892139039261139,2
-2.8870343843405504,7.75918586439983,6.7376485007202795,6.62764245560494,6.513754060232773,-6.343869587651567,1.5578945055212963,-9.465823342421029,2.126453234998805,7.408742128059122,-3.127787994428979,-9.96077906792572,-7.22981313087776,4.279560758334182,0.26896803361032084,6.587842630342923,7.066100109745573,-4.267482754093043,-1.7307963536680602,-3.650454980498554,0
8.992033594322885,1.529735900429418,-3.580250985392225,0.9029456784477083,3.179795038283063,-7.165899711753163,7.227799153155147,6.241212488469201,-5.822371070137093,3.605478657430372,-0.054689384818475156,6.981583952023789,-10.228921553721186,1.058516121598719,6.467589705377871,-8.025241605426535,3.3300246490836325,4.981656058378618,-3.8180604573615797,6.779560813700929,6
8.978197027988317,-1.530422206047823,-5.975033047086036,-5.569973026485551,-0.22040670026056894,7.928281472954194,5.431249766814551,-5.087335944695171,-0.951561651608215,-0.9891909141716767,-3.5096876427321755,-3.7360640453347127,-6.914237705310747,8.64784643189768,-7.124406091840442,1.3013947568610325,4.004043712166831,-5.102911039470284,1.3717212548052493,-1.7884986308149409,3
-4.8069993263617175,10.511326590469894,3.6254821642871633,-3.3567277054814872,-7.013336504041939,-10.16560920636789,-1.6081299899157384,-6.030264582723149,4.830083097146947,0.20191946931346982,10.01558455313797,-8.51793472090477,-5.541496726704056,-8.552053042228131,-1.1437723243158255,3.3608007308068064,-1.1762794754470471,1.7831952479581652,11.174528393230403,3.894746881757319,4
8.089691437368781,1.6949064203089748,-1.4455847929258285,-1.22129584573833,7.644099875443203,-7.965512486564567,7.264362238886629,3.192033652210015,-5.726773631327475,4.059650413216429,-0.9445201886331978,5.750411128714827,-8.131933533277975,1.2030994896344147,5.719626617956115,-7.136935307978808,3.1168360741615735,6.530739449255261,-4.812416101722937,9.460523269325634,6
7.028772921758127,2.7810847717172473,-5.4666107544012945,-1.6855828974327525,7.675252294211534,-8.083881863660428,8.864276161896841,6.562543375685877,-4.534076710018919,5.763210487622456,-0.047472907466844017,7.314649327729249,-10.206491286112982,-0.8459373503434122,5.1298410186064425,-8.053601292393083,2.3738651554570933,5.235618687027676,-4.1789446221580056,8.2337146993371,6
9.870533922992816,-3.1398115015076145,-6.578857693029317,-6.223613921214751,-1.179414396689105,8.999754229318105,8.064133315544852,-5.574737607102625,-0.03685307675046104,-1.5099326720365724,-1.935867291205762,-6.080980688395217,-4.839785688538503,9.102971057118399,-6.784127073845646,0.09716149816382824,5.688133646238505,-5.962208825449813,1.0600020827647625,-2.7753610163734987,3
-1.0472363192604692,1.4530786629179016,3.274795836801145,-1.6884552432792261,2.837056950580462,-5.355227387025465,2.7697760056061,7.700474168765727,-5.022410777764845,-6.935043661275566,6.821878768619525,-0.25959722402480634,-4.45855967360207,9.597665921491268,0.3535558749007839,-3.586865982002842,3.810158515850331,8.286677988714972,0.7280519054144065,-0.6957199747170624,1
-4.263369350748409,10.05400268053854,7.197287123057739,7.290915134387217,6.783102375849556,-6.543736772245635,1.1608736371154063,-7.113516704920656,3.0332069986606913,5.902489044567129,-3.642504997082676,-9.250105971746596,-6.376087520015014,4.451150605819843,-2.582807472341842,8.67727733761475,9.224229148883015,-4.322674758053632,-1.8050089774533202,-3.9797732174720393,0
8.356256070504404,-3.0154777570530547,-8.24264866924589,-8.260899575716179,0.6876192068204774,9.968887918453627,7.060662281812652,-5.340933931262585,-0.21276350181424913,-2.413077479928501,-1.7917917191617254,-5.441654391006539,-6.1681006311599385,8.52763334136035,-8.164158156717178,2.212089242325254,3.946437238080342,-6.213623148855849,-0.009996423975338786,-1.1546299679305998,3
-4.863236752495836,10.255781873922766,1.7694313454739323,-3.6747938652941015,-6.721497618699154,-6.442108441684468,-3.3312140621385,-6.0261034473039174,7.8110472754240075,-1.206729483895291,11.744873814484297,-8.631601666226919,-7.480001763004504,-10.88035145642515,0.30161473155866547,2.588837479400348,1.4035404890314298,0.7971831598888263,8.194590925275486,4.727426558115414,4
7.920311333593254,-2.3873406857709676,-8.798672909796387,-6.640093342128383,-1.021030328452508,9.245827625470657,6.535143370020919,-4.130287867805736,-0.14131694496294517,-0.91350494762572,-4.136017543666807,-5.777211486258226,-3.7818269663858013,7.82677491875748,-7.7948615161149295,0.4785240476823718,4.302825176475304,-4.8394812197449895,-0.19340678073965717,-0.016627726491283412,3
-0.7006347609609362,3.18966197683014,1.1882015811191824,-1.6830720608463228,0.771349358215542,-7.297296409358483,4.98757732118088,7.685076704052656,-6.290241851478494,-7.971686128871336,5.839380239985916,-1.0775367371308504,-5.630599347717523,10.097864859228508,-0.2646777185135382,-2.5685197263284305,3.7629248698536983,10.286919283710448,0.9516186949758838,1.0375707653729724,1
-1.0651340967863814,3.468680224930764,1.613188305125036,-1.107422252646439,1.7386773306730539,-6.386967304769036,4.141172952875214,7.989070241782652,-7.061500863725359,-5.436909977440775,9.835470611100842,-1.1480210186619004,-7.684492294747928,9.394308889236875,-1.0745737393007562,-3.343836103225695,2.783063171218279,8.519169806961965,1.7947268862682708,-3.4704811004027043,1
-2.185189599127244,5.105064744861865,0.9422969710630892,-0.06854506382772163,1.1992771570129843,-8.48754568003653,4.5177915142176674,7.787610859482817,-6.617754547498114,-6.766116338005485,7.330538241744325,-0.7505094599413887,-7.122042984103526,9.312303347852778,-0.8485219910661623,-4.29795674182998,3.1710198599476516,8.747453732008816,2.305181703175472,0.7273639865787482,1
-6.79742360563462,-6.688896072455425,0.7507542196564184,-7.904780576297444,-9.605902960034788,-9.260103944085339,-4.106599638535834,-3.6088555340859534,-11.131339523109363,5.496843229026293,-5.558200848219463,4.970119272802447,1.8629964029143722,-7.265521113334625,7.894325337560463,3.357565910226711,-6.13820939142002,5.884724016109819,8.609363929531105,-7.5363311736734016,5
7.569978967661691,-4.5353311162109735,-8.613500258643183,-8.303876184738282,0.8662324629134273,8.792876783230792,6.26162904348226,-3.0273759960800373,1.391957167514777,1.576371026885564,-1.1292433294381807,-4.689221413415969,-7.873755775299568,8.417829333172751,-6.760275455128928,1.502887232585643,4.76317384387486,-7.737910800950326,2.784348153526858,-2.306437581295925,3
-6.415645491407553,-7.7273255276787385,-0.7796693782662913,-9.524592304524854,-9.57186075774804,-9.567615429818076,-3.1305638975548304,-3.480411083738423,-10.551846259559477,5.918224031581729,-4.288416115681592,5.978638285589886,0.07052749331153074,-8.464877032997533,7.935347276604431,5.9765238187039555,-6.799379092141642,7.479716177742618,8.309501551813085,-7.605469089440223,5
4.386445803303532,3.8398850064215964,-0.3840444165358132,3.4903434266663074,7.937340682957869,-5.414606912413443,-8.55835524981144,-1.2042883752298041,10.306052067467798,-5.827852642528214,2.8549594396408997,-3.2194659626462787,2.439695063624579,-3.7120554420882135,5.509144226583457,3.0526988736114236,2.480305731471913,-8.177018839482255,9.181506247865133,-0.13450609231843408,2
-3.541439849442474,4.630214096158182,0.7221632248609704,-2.645724625106714,3.37302818193053,-6.5393564356145175,4.805024999433038,6.982437509327788,-6.7736282528557,-6.838228121684183,7.166232814872145,-0.4879648017422214,-5.637318367178753,9.018200106919629,-1.77276297890279,-2.2668917058306652,4.920830773999502,8.092207684223315,1.7439652436237933,-1.939294061693291,1
9.044801489341593,-2.1826778817083747,-8.332100057341986,-6.320015214125655,0.502348068253319,8.880149105439902,5.481241402254512,-4.845782503119876,-0.9167372418829343,-0.694294349232407,-0.7454149548503055,-5.574517212458256,-6.819089506803476,8.965509257691435,-7.770059309096945,1.6989362942866908,4.925705101293213,-6.543195083583435,-0.9321696186033543,-2.401847166784992,3
4.701188413005557,2.3988781959255405,2.4997708151847267,5.056804356708344,7.044243785638495,-6.272492451805156,-7.278880214628079,-1.5785645352854656,8.427346430068004,-6.9697503113391095,2.100990293615161,-3.5634131691195443,2.2717645338523758,-1.707669579398265,2.727057645362849,2.1860291885008163,-0.46137753190440356,-6.2314990793767135,8.59079152982137,-0.7799962593661567,2
4.232272163520641,4.022889544928068,0.372406894150608,1.5842409638479482,7.512367701900966,-4.63695494073862,-7.040330419937736,-1.2523636402497007,9.563320553921645,-3.8184971555135836,4.218767951305732,-3.398810218547394,3.339891396628207,-4.553994299308323,3.2895072533144365,1.9674520432776255,-1.1840818791072052,-9.002905208179067,7.36907241012993,-0.1635918476191415,2
-5.204449996196596,-6.034933660962768,-1.5667261662480032,-6.742842118514563,-8.786609412763255,-8.677492140235529,-4.061990719106115,-3.409181662565538,-9.462741296863449,5.41460910831852,-6.333938230433944,3.279076310658631,3.250430696278547,-7.656252161540807,8.339025595209813,5.1501718740691675,-9.908639419804063,6.735461914445225,9.638876703473091,-7.453852034641425,5
-2.0822897368096744,5.566783912460448,-0.4586338047924339,-0.9226586642258641,4.193072406772019,-7.703745388414586,2.942504206551474,6.577813117517573,-6.301799695686691,-6.524376137895545,6.1871960011017135,-1.7302686488815413,-5.373837995420577,11.138241779133725,-0.7205798074030453,-0.30967597391037893,2.988559796281953,9.420962673453252,-0.4665275865243157,-0.11415506430155364,1
-4.734227192902695,11.278684316972775,2.529548094766092,-2.7217698353757145,-8.669289069324531,-8.62056683128265,-2.377172324291336,-4.742964477121358,6.119870726233429,-0.8377960950938422,9.969695964818555,-9.65822191423909,-4.8572613238623035,-9.477312679351359,-1.8103906226056443,2.786209615006959,-0.5894182217945673,0.09852048416928305,12.457561036779833,2.4540479152389296,4
-0.3983588503285154,1.863915953610288,-5.374737077575516,0.3922276694118283,8.678457057026108,-7.05938224506713,-5.878842761294667,0.5093837636962208,6.250553059660037,0.6465735526688117,-0.48889099619635246,-8.317719238587603,-7.722406139707633,6.520860898156689,4.355664711048362,-3.5015361833359293,0.8349309360879036,8.101158581224103,3.3418205760742046,-8.658856889392203,7
-5.745055399072168,-4.068579826704184,-0.3577550907065488,-8.260259137049184,-7.934321153304792,-10.131417776983005,-3.3622227283279496,-1.8623910342891752,-10.541957586714974,6.8583911766869585,-6.553267102540815,5.283063909086621,2.548142989162482,-9.41608155517802,9.47448070551678,6.2855175601938225,-8.937839802992558,8.613037922033602,9.408431503544987,-7.51136423042838,5
-1.1344932921504067,3.089729503735461,-7.310682414197581,2.804596096517458,8.784569851091742,-8.746814943518995,-7.4314834741987,0.3144796027881538,4.347310855125983,1.88102967608105,1.2556460760702275,-8.41547991945641,-9.118770592105193,5.357629527214649,5.774404914370066,-2.9911847055262837,-0.2113337398783527,10.610988262302545,3.81287233919046,-7.721658932384008,7
6.413047340432294,3.824870601658348,1.2376677149990991,1.8450224818773073,8.341600353054156,-6.972264849017238,-7.014272536596149,-0.8851345256013419,10.98320768297261,-6.967883947808505,4.159418268052532,-3.304181651852944,2.9586271710178975,-2.706026962045903,4.182468788035242,2.977832390375691,3.5638876062396116,-8.776901824947474,7.185849028304004,-0.9911200789990472,2
-6.609051281463808,-7.017029521365316,1.614534740871071,-8.808889934477497,-9.776134002747812,-8.729290474447119,-3.300376016868411,-4.02738488886667,-10.329163323955555,4.355123502719707,-5.201240039211278,4.771645126567477,2.460272409120622,-6.455277604555106,7.8269947440792285,5.080192078100685,-6.247395686408366,8.150591925048651,8.022129660379914,-7.9914248270722315,5
-1.9845831883730827,4.249834037624374,0.8606045375474402,-1.5140311319044715,3.240529001052902,-7.330431095221964,4.450825009439109,5.387160631939214,-7.289261548273934,-7.107700845306445,6.293071438064619,-0.795423615807772,-5.469154637400438,7.541712389255219,2.4257471070085717,-3.695197884160798,3.2507240188093567,9.32961896786554,1.1285771359398544,2.010900203907008,1
5.512300693543947,5.273642215283455,2.49306535228179,3.8142739571261406,9.275643644921471,-5.263040140611646,-7.260910099522459,-0.2871870899197666,10.092566512263662,-6.872878390372431,2.92269174660895,-3.7679886364961415,2.717300779194165,-3.272690674628338,2.0401318967689455,3.8893064492817464,0.1047318319157221,-8.567678920050337,9.646258833229783,0.3865964242363703,2
-4.102640609087172,10.699938952658815,4.514011986469874,-2.7241997512271294,-6.70869652787743,-8.320362354231012,-1.675125382815347,-3.512933101739492,5.5344605092835675,-1.3230544276690979,10.242356693837642,-10.41373406996234,-6.335767975760356,-8.016817827563134,-0.3122018178811805,1.0855192534026539,1.0839964550912304,2.2876640007091624,8.976408480626612,2.4965754830919917,4
-5.399075754694684,9.944320955325603,3.245689527413978,-2.72245354472205,-7.568997685516866,-8.692984637944,-4.2028358630264355,-4.263410899034007,7.550655439884777,0.140846319355302,7.997304884987246,-9.32586137028276,-4.812042633405984,-7.903458653883334,-1.9450025155148989,3.94371022344663,-0.6007386778842616,1.7658206411369695,8.558028709806598,2.450128295932277,4
6.395939085244729,0.9540229646394172,-2.7061171161433446,-1.3707692416458497,3.0865295670372186,-7.653043299172788,7.950613556629711,3.5214279133478295,-4.77848873476561,3.1441032241723246,-0.23269508899444774,5.018607957656322,-9.934025200264609,1.2865653762101654,5.751983598448131,-7.929750905111861,3.1363043778731177,5.603431834006916,-4.134842830746117,8.849587015216683,6
-5.11314036290125,-7.5882134338237055,0.7375251875217012,-7.685108460835446,-10.009149352108825,-10.383592033123433,-3.0813701306189616,-3.14307616892009,-11.14062498466787,5.930151797448408,-6.217709130390677,5.275681662659014,1.5430962747788208,-7.037804673569683,9.184551268919392,5.338707491452197,-8.30305989724841,6.966532452380619,8.4608524954146,-6.7507199219100595,5
-5.25135167667819,9.86657662585984,4.26397769757763,-3.7956057412626816,-7.411108093329286,-7.65230170735603,-2.715451207995001,-5.412493206622093,6.396134576660231,0.668192947064564,9.755175865739233,-9.937833836780529,-5.156896502974053,-8.621730308256083,-0.47994351922467027,0.7413123702324798,0.6208435036431433,1.7599156665337126,9.802288923334334,2.3946081736293747,4
-2.61385159433659,4.73222027530535,2.9577951500513837,-1.1163470734935914,1.6236872906806088,-7.508750949602837,4.105107330873782,8.908665614469795,-4.865338898317429,-5.366429981115779,7.605224038178969,-0.8615681609150214,-6.032136574314465,9.77605747546519,1.1378814595629991,-2.8568513657296286,2.781126944693232,8.164177791022833,3.0347427648906926,1.0273860110321806,1
5.985565379448531,4.310449529195653,3.2460652171119166,2.0635430702059816,7.521664110221834,-5.004025228439474,-6.273131032171434,-0.8800111943729387,8.733059510289072,-8.841618407728037,2.9842557332731934,-5.0692468255631375,3.4426237501970514,-3.2722849593173176,3.3129005521303867,-0.23459675092472088,0.20631407604182628,-7.482052413843815,7.965652949725514,0.9953018745523834,2
0.6972612878762217,3.843886813066629,1.5449656487739047,0.43897489205161677,1.596686209870986,-7.718196993059358,4.543616349453201,7.148325132907907,-5.266718124701213,-6.228058660787062,6.917736484788909,-1.0485515992013308,-3.6823963542455087,9.587071024124873,-0.414332755716126,-1.271858684728352,4.576605173544862,7.145139285451535,-0.09010879319089238,0.7785927777957937,1
6.776266428287298,1.0885075230537635,-2.6742472635176044,-0.32497393167462213,4.551119587523727,-8.277470157728075,8.231324106055737,7.367715931412532,-6.299140941010871,4.113573260154996,-0.005276024350594877,6.543090260762087,-10.792585655551795,1.9639176002267391,6.014505424659711,-6.496983300939451,4.437411011950603,6.576409735739524,-4.3667931291594675,8.479590393725418,6
-4.625185016753554,10.553182223269273,8.01993806440268,5.219315681083294,6.886520259594809,-7.127963163816448,3.038516540477991,-10.328351364058445,0.6167704016917892,6.088494523931365,-5.2934539463513115,-9.63280908164239,-6.044292213668307,5.143050607462288,-0.1880403392460509,7.91500045979342,9.829829186503561,-4.594085175904355,-0.6012881751102186,-5.110856857356694,0
4.23962223854994,5.314822596586708,2.208928041461588,1.9915753790578736,6.823454176151863,-5.036958813066211,-7.536854031238018,-1.0492763805424143,7.614539486375588,-8.24659469614873,4.7064436794575775,-3.9271748529832915,4.825929703396822,-5.223677943786756,4.030745457052626,1.2408100625578862,1.6896839825416938,-8.231312514058121,9.170521237315954,0.19257645951797253,2
-4.006898549338093,7.843269774807018,2.231737991195262,-2.796649086373116,-7.276499361666199,-8.6309394960438,-3.504327169382871,-4.465452667443733,4.981961382940639,-1.705793343340233,10.54516609699892,-9.820447335843857,-6.419926187876088,-7.893914767740632,-1.2920656125986676,1.420301203323001,-0.7638662981463612,0.7791398612735899,7.955534299475206,2.577336479919166,4
6.9122907493459325,1.4646039047553563,-1.8133694425845903,-2.218976360550024,5.447792049818553,-9.590541112937114,6.04541118197125,5.31783514977972,-5.91052554412523,3.9770947500498703,-2.417357967658426,5.765531512104565,-9.95142118926214,0.22206751180572137,6.644868191885512,-9.446945300605863,3.235363076009767,5.011843345933622,-4.672879082863941,6.383531598408656,6
7.995957457463059,3.6907401863595184,1.8064014217018183,0.42515610199933906,8.560468333001712,-4.710890567548896,-5.585787810649055,-1.6904819263876376,9.712127333337335,-8.879128698569943,0.9214413691826477,-4.005403866507506,3.052595172381025,-1.0975860596532998,4.3426394777042265,0.6993591152399639,1.1285487409776986,-6.734155416695408,7.518354273688996,-2.2431137376894417,2
-7.411158114240947,-7.2211280919538865,0.29382677500481735,-7.374472951492056,-10.29814495852641,-9.113290060885559,-3.0712294963521796,-4.799412672660768,-10.169110581870775,5.726439559285736,-4.538137914469017,4.9309850859891355,1.4449791775940901,-8.980281186463992,8.8310073879809,4.863596558944714,-6.695349891912084,9.506526871268175,9.501155605042673,-7.181984401830825,5
9.7539950731444,1.7912639199152105,-2.683791982782998,-1.0835334310903968,5.846701635945269,-9.384652073735904,8.092114530985077,5.689190543960808,-3.7473198963273706,5.444966465180216,0.9084754087976933,6.132382689597768,-7.730418143491418,1.3437079861174248,6.432421159944578,-7.6383751443172985,3.6472591232414633,5.562068531299614,-4.8223568198441145,8.771705163626585,6
-2.7371169838145404,10.071469581419196,7.076236739788749,5.282772149208107,5.44735070563166,-8.01204296658209,1.5845746655087456,-10.790083591694625,2.66885117006975,8.837976218582986,-4.189959948204773,-9.331558962893446,-6.276227370366403,5.059869776744174,-1.0114004809868091,7.714651237456909,10.28375552824399,-4.437742532201906,0.3535817702746429,-4.635818900081756,0
-3.8543139444011514,8.112587738584386,2.7917584028541826,-2.477225330230077,-6.050392863437515,-10.302083621142689,-1.4411335189468273,-4.103324718463926,5.422035418375431,-1.6007272891539657,9.017556324794128,-8.240722364387597,-7.823620716747007,-9.592094336636514,-1.261162991885505,2.051202134701715,-0.26295675634812743,0.04405306535242981,9.918307057761108,3.725603882518399,4
-4.80523106911049,10.030312835381798,1.7834294058340163,-3.3224389213449546,-7.435445172190851,-7.332011798942774,-1.5622872843865179,-4.4804820099236515,7.4580399224109035,-0.6340630273163119,10.1256839346387,-9.084903598641482,-6.437706842225728,-10.735366250605406,-2.040161523287165,0.6552119240831389,-1.4278381204353328,-0.08247966738452583,9.502653681204853,2.42882862228607,4
-3.4141498754431185,9.088632087669215,5.63753961779821,6.181314263065507,5.444085229389013,-7.105751304043093,1.7612565274515395,-10.228799197816725,2.5403834128026475,6.3137642201584505,-4.393572864030695,-9.814607254134701,-6.612179510631875,5.633284081042,0.6262587784714664,8.524539709503859,7.4653065632636775,-2.325734273121891,-0.43793255986896373,-2.7262700035629392,0
-0.16794067986129685,3.298890309113436,-7.1694148977744385,3.077179461031056,9.26144988663694,-8.331896014361226,-7.013518357399433,2.071484167662353,4.231411020464677,3.6684488242150293,-1.1589032734998663,-8.620825635273771,-9.645888415381979,7.157401420338955,5.018138979325261,-2.992155366777344,0.5233792329845691,7.067165476316442,5.103696313527042,-7.2011972670872275,7
4.408656929509706,3.6361037436840116,1.9177833577674415,1.1134222469299888,9.097680059318476,-6.284908677754887,-7.455364574755962,-1.9717719295091678,8.153819072878415,-6.676815534392253,4.387225308090772,-6.061469609473856,4.355505532749034,-3.031911038615848,4.054350160382838,3.5482424948264866,0.21910774063817595,-6.107841570765578,6.7383286230312756,0.03967124781444459,2
-2.700918791074868,8.189561126949847,3.5070012601143032,-1.6904932583841554,-6.708622947759477,-9.788183542838484,-3.3354927894626165,-5.967665696832341,6.241116108633058,1.0738194154875524,8.862728320171927,-10.787737545839803,-5.79790185764419,-8.080696181003807,-0.48128443112755404,0.028597307993406096,2.0326687545420423,1.099365105911546,9.611324832979205,0.28826351273765827,4
9.483917779210675,0.3998882848442238,-0.910627689710477,-1.4343471908768457,6.281989691744331,-7.574960631749925,6.553665959029886,4.821591009977846,-5.699502553981126,4.914184663193079,-0.25948468824483206,5.458105175843155,-9.027058175410358,0.5654034028361514,5.934205816455059,-6.732520158979351,2.8924189045601,4.414115615228414,-5.847085689705285,8.518740428547028,6
-3.721376995565045,9.357853526289954,5.274903763351844,4.348508052469686,7.087935332210641,-9.143727300541466,1.549455090583177,-8.176267096525919,2.282487309658263,7.784668262222204,-4.6291965013773995,-8.894898237641863,-7.29973404284378,3.369549498004955,-1.4118604023848866,6.032974702858925,9.831774270873796,-3.46468874202251,-0.4903087245565291,-1.6798856664125286,0
-6.6194532029620055,-6.246309719206039,-0.26862223082517783,-9.233374673037401,-9.159779096740182,-10.731598038845702,-4.608971474177588,-4.216326586605292,-12.461309661213317,4.746798008084387,-5.012074958050667,3.264795824840874,1.4711906680434694,-8.494939572989884,7.949598304421976,4.247583564117993,-10.022097594938705,8.501776144300106,8.615010555309983,-5.0247995764842805,5
9.178290053885554,0.07524747578088609,-4.425299113101838,-1.4367737718972537,7.37735163091087,-6.017821423161864,9.378826195326516,5.341920193172061,-5.124920673607824,5.076619857433082,0.8740263138912656,4.871807739091136,-8.812416844244344,-0.7123799271309794,7.792883079418371,-5.929399949656269,4.75817352458094,6.889334117372557,-4.735458087489647,7.994959359138759,6
8.496639671965587,1.8894646655022682,-3.6290777675209456,-0.5661029564873776,4.021272830763978,-5.452045949751183,9.635891797886522,5.848204244316214,-6.622554918159393,3.7810323418086833,-0.39097516396835086,6.328386415410494,-8.144415975407483,1.2576367210129469,4.767926591908043,-8.70747392487674,3.4399272589829963,4.896856632969085,-3.3167417556488323,8.470344977753697,6
7.572656632922883,-3.191626694145217,-7.484236493148722,-6.181248346302099,-0.2228845351998396,10.558117569445917,7.208921423720543,-6.130440122211665,-0.30422179789868425,-1.375431885501927,-2.5004381315773987,-5.133082162036358,-5.833685627908763,6.398312782407768,-8.289397581976994,1.805560403258123,1.8661523344127984,-6.126586994993054,-1.1437046827196762,0.5798615267852865,3
-5.26955250079052,11.345080445701512,3.6715117047861394,-1.665233225681969,-7.095857962539004,-9.442009939320993,-1.9780024876375624,-5.1231736630144,4.546018058958711,0.538853115692624,9.461666221341405,-9.423069302904906,-8.336010680830293,-9.204696437945747,-0.6711909676073113,1.338829888692187,0.834235609208131,0.7210133616303197,10.067273619677083,3.0314477061244878,4
0.00290669942951826,1.1699386427588245,-7.922946266750602,0.9844586080481723,9.570555333838742,-8.030269827141465,-5.928464425686639,0.25048680862458306,4.45578505235641,3.458531905975624,0.7011005010594312,-9.223780663614347,-9.67252831461226,6.00754180238795,5.851404876622842,-3.7454732167282914,-0.05197038393327247,8.315107240839103,5.973965683065466,-8.798186551282651,7
7.695110580224853,5.484810405245176,2.6509619839335743,4.383610123636863,8.979886723032571,-4.9861623893238445,-7.3220317746354455,-1.0796900474561868,9.201107965251003,-7.519865816294172,3.833198236857003,-3.9902311886523414,2.0346359179277433,-3.6356642692295624,5.570386847132337,3.2443129060614107,0.7718066051629761,-8.152147690377864,8.259035206422926,-0.6264373737841729,2
-0.2831444335512088,4.776567299205811,-5.8312532610106835,1.5759219970686753,9.012882198219032,-9.149381499675226,-7.296506645717498,1.0031455019738065,4.1713077310400175,2.2045500618552856,-0.0993694531033166,-10.711831218093167,-8.815199084070883,5.929078649994781,7.112010767012818,-2.0547397673369407,0.32071288077875937,9.79677529401548,5.430155132415619,-6.411882500699936,7
9.582023357194888,-3.0096506069885995,-6.0621065060228645,-6.574416827140823,-1.7757687449403858,10.173947331183026,6.8048780758980625,-3.786040413697486,0.8745545704748199,-2.2890275772152977,-1.761281093177245,-5.496670287580131,-4.935412349716668,6.795229255476629,-8.11348755362101,2.9472573125148385,3.747360960095144,-6.585671309706305,0.26585778208518557,-1.721276826134533,3
6.412061371458374,1.5318416046356491,-3.350077153124598,0.006216513445220673,5.286411875799306,-8.153709240308215,7.183247879794209,4.036801805651174,-7.776111074393978,4.585079468879533,0.24414157435568087,5.821867781806676,-10.016901111792784,0.3530856420715629,9.546914862179456,-8.863102404713397,3.455088238460276,5.0722779599292265,-5.989930369921049,8.321675270732845,6
1.3477392332780342,2.7298570522396846,-6.839896502874033,1.938120080145656,8.45873831394366,-8.630729421335348,-6.814432170668288,-0.34589077799245893,3.4162154345280165,6.075751773330374,-0.3069221459024787,-9.28211135654731,-10.243417652000371,6.358312057229819,6.323672750444173,-2.6691783301379455,1.4802173869902397,9.374460899698224,4.628076414849848,-6.787370527488493,7
5.182635766005059,4.503461261392858,2.4884077161916234,3.9892997645793478,7.777329638190111,-5.200910728731983,-7.800780282746296,0.47172685847100126,8.86653883569742,-9.766798143047712,4.206643756493707,-3.915017252131669,3.5254546943063914,-2.6821617021563195,4.7274165825179235,1.6989692677251946,0.9252933221515188,-8.41512330807416,7.18300059354761,-1.019477145027808,2
9.569040431993187,-2.524940338962627,-6.958557869703826,-8.1075142039805,0.7081986064785362,10.124207339433932,5.738701943754682,-4.623745116680615,0.7072976826688026,-1.839555377975962,-3.533038993163097,-5.4351010311669095,-4.423203618243511,7.860926848299076,-5.836708152864294,1.2076480582593732,5.497854805271692,-6.75892359232525,0.8801865375083866,-1.1839286062123298,3
-6.666174110144,-6.520568341968242,1.1290349791551746,-7.576917539075826,-11.462465991049779,-10.765073421172486,-4.664460947479252,-4.521046680366009,-9.025096528911535,5.088623906903571,-4.156152259011243,5.42524350470488,0.6117138506821718,-8.890589301458354,8.932657656303176,6.39454090513453,-7.716155930544711,6.533423706042822,10.071035049059882,-7.03102936962215,5
-4.833147950402504,11.061178003749374,4.113870941128209,-4.559005538303127,-9.262842484534893,-9.399841562652625,-3.0545210393515867,-5.313951202994462,6.134525428107282,-1.0469565477858782,10.354393023829823,-6.95131261561678,-7.013807506823985,-9.245878092506992,-0.5925260907908434,2.598384685699468,-0.16835095351213403,3.1918371301851005,9.301146303634958,2.6138931438586637,4
-4.3874025955849785,10.333718248759546,2.8504436258985177,-2.2912701622503753,-9.775323847337095,-7.93131794609657,-1.947713313683087,-5.360395483733854,6.050778762807675,0.6126479471767321,8.82895751973036,-9.280040561562675,-7.453753750714799,-8.813061372097122,-0.18049817417043446,2.2758093794164305,1.089285436555009,1.1261610322909108,9.963313860262248,3.208950709262337,4
-6.8260471545534935,-4.875363393302015,-1.805560571778309,-8.461889572969211,-9.705913207539085,-9.0304315086065,-5.119672154014604,-4.030015735947139,-10.036259457908704,5.438542233214506,-6.833501740555182,4.487198332885892,1.7401890872212993,-9.413958592950664,8.86640299232018,3.9602785075994595,-8.122999975093073,6.396944749831405,9.35071324449137,-7.5471140688760805,5
-1.6987601726094566,2.431606387761075,-6.384474371694772,2.491050581076539,8.825836231936462,-6.826816112372016,-5.520841023525282,1.202302298833363,5.131887326753502,2.2322781462553287,0.49547653438193173,-8.836996561011643,-9.781866213572718,7.381243743262278,6.6974087734154235,-3.0820953998660516,-0.21757116819066993,7.057647493589329,3.887014999653918,-8.166751523238645,7
-0.22489707109785667,1.829738257906902,-8.375033840361018,2.6975251520196335,8.319486710541794,-7.693273628467549,-7.602719644669001,2.9841850872168245,1.9218457531652393,2.1344880365405907,0.261874565783501,-9.246913744181812,-9.589847875378032,6.7369928744500625,4.118206949834045,-5.8162757082874705,-2.1634081122645354,9.73871668647455,5.47542956781119,-7.291735193160946,7
9.651541774094913,-4.147703238678142,-7.372602353890445,-6.393580989764572,-0.10250346606081828,8.909277382984726,7.643342311306215,-5.524415305226579,-0.49218035187243303,-1.7260739849905582,-2.7374322344530384,-5.952172610086166,-5.759870924113606,9.247720182212037,-7.263671363433094,1.2971529291513115,3.5793445567983273,-5.050395598345071,-1.2584320156067064,0.8451748994810817,3
-2.5072607741805206,4.793096897019816,0.640156108157254,-1.9312797819169158,2.143263608245295,-7.206579698757363,4.724077825512299,5.887173784656631,-7.381412586948899,-5.933465359923253,7.27807132418408,-1.172876656961369,-6.979080541469208,8.376557918311358,1.18197898724084,-2.494264672967623,3.9635994962769727,9.744936793212025,-2.646064485929161,-0.01620938814780426,1
7.334607740295798,2.505985283613432,-2.5974642190254325,-1.1624389348132707,5.379565589458901,-7.460301720969171,8.18835101459334,3.930574450652668,-5.671029163062086,4.795371891486992,-1.4142853290554924,5.990753555532495,-10.313670356883996,0.5520545281225935,4.5248118869236205,-6.316531539659947,2.015312818857299,6.941788767541795,-5.7332102486112735,8.187159524728719,6
-0.3907489409405176,5.008051384020935,0.6594166670987004,-0.9140562134336447,2.2939212886693996,-6.642729532384455,5.464582037089263,6.812865740056943,-6.839696120030483,-7.11589871052985,7.672094128501065,0.5239129719293958,-7.706463306690795,10.608203362714532,-0.39506212718559874,-2.8330439345409992,4.192541670377336,10.313905375358264,0.9759827978173552,-2.0291760327637296,1
-3.1460774865621377,2.4523097723755405,0.21444673266523917,-1.4133031484303988,2.812655749861977,-7.965544048540063,4.824746790779189,6.076859089139104,-6.729964468784493,-6.101996506722496,6.730750925366197,-1.8510960340013116,-5.810521339403502,7.807271751582087,-0.9292595932279409,-1.3386196837621442,2.9142613963040653,9.250731387267605,2.0965497324030564,-0.21935686429903303,1
-4.0340187099556175,9.266598805000632,9.43931125944055,5.952322272103555,7.583387884658428,-7.713421367327597,0.09568444708483725,-8.430260203631427,1.6703349330078245,5.576734965190525,-4.577605879796333,-10.600629691658309,-4.747260554460684,4.274451830788677,-1.484963367587558,6.469109054258847,10.016285967044876,-2.2432241299454247,0.27771312965342476,-3.371976073945645,0
-6.816013410534646,-8.157539660825622,0.41980371166221997,-5.225140109406469,-9.629053916105574,-10.703461662319171,-3.965975400255809,-5.057788749065611,-10.30111016515187,6.02919657336448,-5.493816507590744,3.961060299672738,1.1140647918817832,-9.1094084671766,9.027672498890013,3.206638278392318,-7.1678452298952795,5.83404300264318,10.038693390844765,-6.936391073865924,5
-0.08424294888599243,2.6004024178577505,-7.188473881686733,1.5115525409550976,8.280409529756245,-7.475943962351493,-6.61941562535588,0.2640883681408137,4.133441834735713,2.7770388371366352,0.8354767628637157,-8.039180655417388,-10.901901950619129,6.075454043815899,4.7782163505455895,-4.537513165830741,0.2910554904563494,7.291163692077781,5.084141883689234,-6.884822374389737,7
-1.6475511991094094,5.303201733268425,0.8338176662183807,-1.7645734116840894,1.9534158473050764,-7.630783829799678,3.3686676608352406,5.56966140570359,-5.075031512544079,-6.204958607876407,7.307376693350714,-1.5535010578483919,-7.2431716103109975,9.619085113289323,-1.5069259932153483,-1.4433169558340335,2.3649594888598426,9.763110338407463,2.337737520037724,-1.7347568307083252,1
-5.127206429659786,10.86270975808248,8.438539274311163,5.732656584049623,7.012552849524172,-6.372772127630581,1.3313565619409087,-10.595568052428101,3.66009704477904,7.60362922530783,-4.1146280230097405,-10.87966197361236,-5.366679909735797,5.117667693691438,-1.3451000139866078,6.705825745862757,8.088650403578063,-3.804163148105829,-1.6278152783737085,-4.277539318178036,0
5.606030253944847,4.615052948055684,2.0785338936584687,1.9812903996217628,7.987953901504321,-4.891995582801474,-8.263115060232245,-2.5287293524178573,9.833570569037027,-6.323399182635606,3.4047347353643223,-5.3114987517773935,3.4921250889822573,-3.1310467122831893,4.47046421841871,4.179266453936842,0.898453633142558,-7.0691330010082725,9.244908943481615,-0.22998749633330356,2
-1.3168094699422281,3.986282308389268,-6.7232526666169266,2.6481057300562187,8.218551037854652,-8.247484976160434,-6.803718389684384,2.2602799383925825,4.446254795399988,3.4014886911607025,-0.3039266272753448,-9.298583032160327,-9.4714493506934,6.971259310566415,7.416303884377581,-4.139644643985037,-1.2926143567204325,8.403350558220941,4.729531290856084,-6.519497608913031,7
-3.9840827959823013,7.877358038673605,7.018640613210316,6.319204124172374,5.0977158359741646,-6.846052258022378,1.772464786915309,-9.524326154510474,2.4928996566833286,5.873968280868784,-2.77947007301405,-9.823750110460598,-6.961914293987694,2.9681888281388775,0.3887546889933281,6.80335645686583,10.408171786483685,-5.340421935197291,-1.1281384065799207,-3.125894884255959,0
-3.5429905888093662,9.317332789470864,2.863001014049369,-3.352505189341933,-8.411023762447515,-7.942221242091882,-2.520188071138068,-6.314005228281081,3.4061244902925174,-0.12206125753436625,10.067149701255554,-9.81491281261357,-5.633913174824601,-7.7278934414159295,-0.1684360871484606,0.015515122028189277,1.6536942076985768,3.015345057957319,10.69657397333241,3.1486321081446955,4
-1.9490405903367192,4.701801731119182,1.0887036134952788,0.07004862379122145,3.1957171206438435,-6.530458565869382,2.746323927091199,9.391385893712492,-6.0505713855132335,-6.738163264094393,7.22330252661053,-1.9762689336151658,-5.986738446364354,10.614338559058456,0.8018696602725137,-2.1638545002263125,5.078596350753321,10.126461187854146,2.141434778218142,-1.2901409971080948,1
5.087095756886491,2.8782919304705943,2.6996754880107683,1.589063640311425,8.497267365375986,-5.985937854141864,-6.318291779703534,-2.7052810894567494,9.928960957135265,-6.776131062271285,3.459850871536168,-5.34310451531011,1.8747881834231162,-4.467029436893592,2.6532306226536617,2.5960631594618704,1.1460515977995303,-7.849968247954541,7.451402062691496,-2.4860763590912356,2
-7.224070977328685,-5.93853545916952,0.3991956933651945,-8.862090288605874,-10.345135599495832,-11.811651669785343,-3.3811417018695593,-7.435914715512284,-10.728947709204165,5.327121442902176,-7.040985279657969,4.398160826975245,3.9257741496924137,-7.893005724507672,11.101119522489514,5.1751494917818555,-7.582790162502568,8.894731758088863,7.910270357257033,-7.6537291241766034,5
0.3245937908771054,4.071143987068238,-7.703753615761888,1.9439140262555838,8.303596519015974,-8.130565777955516,-5.753442797524888,0.17191620097811167,4.445174097480198,1.068366959659328,0.2433884520404277,-9.733317749687503,-9.526256110245086,6.6735722358381695,6.409021353342623,-3.747781946592985,-0.49605561924524627,8.18392032733621,2.493131477681601,-7.7878694599140355,7
9.47785461515752,-4.2307160844232765,-7.5517399262257525,-8.246413396445128,0.2054398081468577,7.807032965776414,5.872701656933783,-4.3653742572570415,0.11110248639562487,0.9991244493922233,-3.5514039463137643,-5.212752844439682,-6.271468630586948,8.446365205922286,-7.840465819189342,1.8835907905697338,2.472238193754085,-6.066449064876981,0.3358229819123535,-1.3495117620698558,3
-4.377467167578742,8.777594296160283,2.6260991300809438,-3.1687640196935836,-5.906719236762193,-7.970413748440037,-5.200363952673419,-7.4226413458445695,7.261740102399111,-1.0378180295323636,10.652559216997185,-8.585934084248608,-6.887867807153014,-9.48846055533686,-0.5146995443291975,3.532157719613215,-0.6965751182466146,2.373124302163978,10.320271576397463,3.5425462344057097,4
10.121469193271736,-2.901776779087491,-9.045784360615391,-7.280841555561778,1.4171538470287761,9.44466713237521,6.20902674343106,-4.621739302699221,-0.47576667191012945,-0.9606010742442523,-3.8215541292380166,-4.196741835102698,-6.333238005476574,7.814897461990583,-8.05255222056012,1.9023736173332444,3.6473205510927964,-4.8098575777120285,-0.1877913679626167,-1.8228813977734775,3
5.740145046830601,2.718001943693663,1.8080271925791478,2.2097893910323876,8.26959371415147,-4.968678644869699,-8.469200687088055,-0.3117863222346482,7.480961779282765,-7.297094623205779,2.2016587515946675,-5.0898365695975185,2.1386787379339944,-0.4309899033454223,1.9311604199381018,1.8025772567361296,0.3878758740396381,-7.208034456365513,6.658125420561723,0.7342378834518981,2
9.459241015146471,-2.711514316807204,-6.850339523459245,-6.712609878743977,-0.12287130326061718,7.491080761129526,5.919777835396666,-5.543262704575217,-0.4612841039561616,1.0699836893320576,-3.3699478146190485,-5.430311257041369,-6.973606202228754,9.020140490157928,-7.569988539854728,2.6265450102880616,4.849085019976703,-5.242016199604667,-0.7412327464390384,-1.757125018724207,3
-3.0967772049178843,9.063960986852635,1.9303713906965922,-3.4993499756907034,-6.952030409630541,-6.320227926309663,-0.6187353465922936,-3.336974279468185,6.729171428531621,-1.121434672349864,10.096378719490533,-8.108854342068973,-5.473357360375839,-10.083827382675182,-0.13835444006535846,1.145849968801377,-0.6635835686964938,1.07080897252384,10.843539316929833,4.682613446411358,4
-0.9471789325184052,5.409631731328284,-0.2812679245216563,-1.6694449839756391,3.138747161886652,-7.691453447335288,4.331187122876503,6.338057033299946,-5.309128210045939,-6.716774513845134,7.793966450244858,-1.5641133156350004,-6.1513474499475,11.294530194003272,-1.6274729992732484,-2.9558289870269276,3.783405246182028,8.868042200210471,1.02997396255351,1.3601434096450118,1
-2.0230345437636346,9.09739987866103,5.991745216634558,6.333933671832245,6.794744479033398,-7.8674674127350315,0.22774104791374739,-9.661400870744522,3.0719887890454367,6.709182233099769,-4.632000425323432,-9.618257395772966,-5.916350421604314,4.279157207861359,-0.22097401905058184,7.287043625032766,8.584334154236016,-3.2666994443650883,-0.40690144518647764,-3.1130665183108905,0
6.074682153422128,1.1504905093222781,-3.6066993273888137,-1.5202420310231286,6.477405436660733,-6.4783311833436645,7.264855794774439,5.172193958605001,-5.5177418922733175,4.70594256933517,-0.22597769229776932,6.732861495954553,-9.972212378801684,0.8677175398002223,5.228103476734504,-7.566023378205348,4.611419052087657,6.561216793374959,-5.0820605176627005,6.929948018914926,6
4.219930092255244,4.037687480831785,1.2990315483354706,2.7619596622772464,8.948166347779788,-5.469734791480985,-6.892011796937327,-0.14877452508842204,9.956576476811433,-8.136335796040015,3.5779372242873353,-3.919131740915257,3.2793589892607633,-2.3889103679107078,3.5024591797199034,2.130900902780727,0.7170642371927729,-8.82245405570814,7.106566033232176,-2.199355657183107,2
-1.0251562110018058,3.2360371391252327,1.1226683791883025,-0.6817135229324007,4.215335544528939,-4.743059897201428,4.467777280133198,9.023318551863898,-5.727158503061861,-4.678918555253636,5.4774963899314955,-1.3384141745861566,-7.0615095424724155,10.23965229612551,0.5466295578086522,-1.8414059463003039,3.563959067092196,10.158104603859053,2.178093235475219,0.110783011448148,1
-6.4377703174029275,10.151169499870388,2.0076823237383645,-2.6771594854864897,-6.942605966316066,-9.106354101754313,-4.517602714288995,-5.727003709277171,5.305287509073566,-2.13085972533438,10.85541988560673,-9.264989589833084,-7.976873321658468,-7.867141179907343,-0.9291960214026374,0.9145547270303825,0.7822257886331304,2.1511894999452252,10.421893240553148,2.934786527587419,4
6.574662680865549,3.5101600283293286,3.1625162618789697,1.8110272054181573,7.293660548088745,-4.4744004175157,-8.215827497509466,0.4957277526021806,9.668216088585657,-7.456373182623523,3.937076028131556,-2.936721038767039,1.7287005736637786,-2.5174454234892694,1.882403071230209,0.24543328893225058,-0.5445083410348013,-7.478283141531087,7.089893447520989,0.6903385009237817,2
9.104407218539869,-5.803255901603189,-8.29535365580384,-6.466591556692944,-0.9462230834426186,9.840406632212353,7.623292355956263,-3.8842587794793073,-1.2877585395951117,-1.7600470941765753,-2.5841521486824455,-5.307841034128897,-5.840511019237056,9.788711147253029,-7.617439739836397,0.9918449277738964,3.4251962810616416,-7.256797904442446,-0.21971363799294713,-0.34441338801892907,3
-4.847355942860922,9.277213358066238,3.6135390821116586,-4.507541795137467,-6.212412393885624,-9.029781053420583,-3.4753722745577913,-5.347046583869037,6.10928733522026,-0.8594459172508819,9.246275904342324,-8.8963952092732,-5.7055583196309385,-8.33692084053328,-2.818437566026101,1.5324206930790276,1.2686782248211705,2.090806774837603,10.89953045368914,1.7770419990464994,4
4.645963436148214,3.6615678303142403,0.362413952897199,3.1715572788941344,8.062444273323894,-3.3021502674589316,-8.393237725084505,-3.0058807111986328,10.001148387976643,-7.34871738512192,2.930777655546499,-4.884724575637812,4.574074830794543,-2.2161108618980414,4.5641317845953715,3.554631578584136,0.6083697936340495,-7.441626298516115,5.29582055669273,-1.364894451230438,2
-0.8130881520531665,2.5152436433491916,1.4963106025858899,-2.105367075934444,2.337853360970175,-5.777805746315067,5.512384789560596,6.332989137493219,-7.05791657821822,-5.034619767051975,8.291840473114297,-1.8439776628935016,-5.863580647143604,7.612297096043637,1.106867310620915,-1.7839127805776498,4.1772846041414455,9.799418573163976,3.065096414626055,-1.123840618572237,1
-7.569446067971321,-7.053517092736651,-1.3694116878881362,-8.323848132690213,-8.971282421503654,-9.144655029904035,-4.209241771266404,-4.6782810608893035,-9.381865523764963,5.050151488819841,-4.888116258894003,4.264674735533406,0.3019116926517387,-7.912075137837653,9.284166357810976,4.3612641329422015,-7.238273880306035,7.670721609967698,9.723404889644007,-7.147575740796433,5
-2.7249710552771798,5.259390648113109,-0.05358590006190145,0.5838783013691362,0.7827883899851813,-5.975365057476866,6.9551462092628675,7.871422756389155,-7.436887551377319,-6.82928204898252,5.70442735578153,-0.9444665380361175,-6.151597180080882,10.381594867010502,-1.8348563855351847,-2.0186784980865395,2.668657341433954,10.348819199507382,3.0538635838798687,-0.3697956934791697,1
7.291462385859314,1.4964697750685225,-0.834716925680139,-0.8288212549943066,3.162382528177958,-7.8629266279130405,9.221290679636759,4.496568443122343,-5.453841367470767,4.496827296018525,-0.3408475961261122,7.319176258086594,-9.501438455685975,2.6647796090695106,4.6178900179727975,-6.64955929529848,3.059340109888237,5.491307251016089,-4.6734508874387695,9.827200865427486,6
-3.913723922268119,8.79355988520288,4.619352435054193,-4.124318501385791,-8.972981359535913,-8.05169956360041,-1.4044152628281812,-4.932602238733498,5.796748350134953,-2.065510704553054,10.610035947950678,-9.834788825321715,-7.853478011399138,-7.399842282334584,-0.5856515986470265,1.7100590870039334,1.817164705361225,2.0458457136528914,9.917855089336209,3.548286298487022,4
-6.711639934507722,-6.164721431727036,-0.7285313340758852,-9.556667835517565,-7.904371004008999,-9.836601084091788,-3.575162264386576,-5.737877603672162,-10.202631399127101,6.488487850181008,-5.476904708694943,4.3397368512291585,0.5660787291695126,-8.317421500731394,8.342371497776417,4.852342523131783,-10.253231010974986,6.475873925191421,7.868328377427349,-9.080484348777878,5
-7.37461489247523,-6.861100607224653,-0.6678004205875188,-8.832922957175471,-10.367674165530842,-11.652921624248993,-3.469531016253037,-3.715445466656342,-10.035729552468034,5.790133219099042,-5.031617905278564,3.7188463727247516,0.6420789653916594,-6.605839967121167,10.356822861488892,4.011683744125962,-7.052999968541698,7.725925985686748,9.59079887584276,-6.2901256948127156,5
-6.854522043852854,9.251757901111873,1.7267314126941056,-4.044614834096911,-7.424662620961367,-7.356547111922288,-2.6908301402110597,-5.586721223632802,6.061130966601061,-0.8553230912997133,10.527447605482225,-10.411911688817632,-7.187625324101302,-9.10750015030516,-0.7271777507124997,2.5651935710374136,-0.49158266909904424,2.344798512083968,10.53161515662801,2.699002230962548,4
-4.902644904751098,8.517122367492227,1.8732940536842047,-3.1233998401023686,-10.388164923401092,-9.382263123341241,-2.875254828552136,-5.038948888032357,5.14753630913672,-0.4462326031592867,9.597574332244942,-8.840948559820887,-6.089998248103446,-7.9532041235029824,-1.823435200959561,3.890062255991557,1.0740228817867439,3.0133408599141314,11.85934315271076,2.5557826614225534,4
-5.397803407974876,-6.640814976769734,-0.5198202867653737,-8.01307984241056,-10.623647854094004,-10.028706137097863,-3.840652269368065,-4.154701376326027,-11.368744156431875,5.687939793728345,-5.07895816943915,4.9539585184293795,-0.7900784886994283,-7.433692736958957,8.111833175134619,5.887862042838521,-7.584741992775828,7.315122888659825,9.43555720844139,-8.417600264762756,5
-7.942852846085897,-6.23234859032153,0.44075856627618293,-7.678864579957413,-11.2227356842605,-7.934335300567391,-2.8184320986683487,-3.1862243811586186,-8.795582196019607,5.65883947075684,-6.569015347865042,3.8556573076116236,1.8399334216503427,-8.674331233569507,6.724864585886849,4.344066384170274,-8.021244865424212,5.070162660278975,9.681844504844664,-6.493919266767802,5
9.923610414515181,-2.1352913242030738,-8.405829897608363,-6.865969071551739,-0.16115178578100098,8.997529509721037,7.2870096736894805,-5.524115705993749,0.6178412929360664,-0.2186800358596297,-3.2534416656370206,-3.256809849940305,-6.660421118609567,8.643773197384848,-9.648220600455936,-0.32446115622605465,5.037410352284551,-5.427486283940611,-0.1459869804716779,-1.2674440313092732,3
0.7566267819493736,1.2021967656510357,-4.970157975070331,0.5128317536571658,8.730750344951785,-7.420352360893901,-6.7242596019792265,3.3685775773339897,3.6236265012380042,2.3282844493543062,-0.34925770956539454,-6.584505319042629,-9.60297692552615,7.545522860360807,8.20923297230219,-3.4537068685620333,0.7285009502739406,10.291239294009042,5.037689389486716,-8.028234324574859,7
-4.22552063479861,8.476587191472499,7.293215500824435,5.563280912377267,7.000953178391042,-8.235283859245904,1.435255996363503,-10.05649544728405,2.524686613767411,6.301145472825877,-3.8388965696337483,-8.593075130457624,-7.329033794482265,3.245296696132713,-1.1445608468948247,7.823712415551167,7.796474447746107,-3.4063327359828848,-0.2855148746874653,-2.0061717274483577,0
5.171834121798848,2.954811219732272,2.2117951803261153,1.1337285252105669,6.3944784991260875,-5.224710398687055,-8.53881854634999,-2.4387369777404406,10.37926498929189,-5.412695679633468,3.659207681888952,-3.645436091534207,5.043557175254188,-2.802682751677787,3.76711071254166,-0.07483012495423824,1.1610630373272854,-8.470914370459047,9.074303549850809,-0.9686634734551298,2
-3.671555757481204,4.7626181281674045,0.8848278575894073,-0.8216038284963787,0.5528805657651397,-7.273206396462375,4.505549847569251,8.117982264496968,-6.048678273494028,-7.042803558548101,7.539213219192607,-3.888488014782649,-5.5182349929041346,9.773439976724628,0.1137050232725979,-2.05362468031997,2.2724392631577386,8.875166692692744,0.20305697382173848,-0.22892455013383642,1
-4.767109906205812,10.146935350209887,2.121918907207797,-4.415623839762363,-9.622919528164436,-5.874762563414999,-2.226080390995815,-4.896007143441027,6.557471360067388,-0.2003930990988798,10.42018095971289,-11.173253495962154,-6.494298154504726,-8.063459021254827,-0.5209990022905924,2.55646127226178,0.2913078297747833,3.362449485550454,9.142536648335648,0.9199660154050604,4
9.125030136722554,-3.4359335374490727,-6.4215933306585855,-7.334629356309355,-1.804175914388758,8.935217374916926,6.0937673520406355,-4.143385712328266,0.4294036697729246,2.4215635864946985,-1.2093907533640091,-7.113723089100799,-5.789088165843971,8.202086893685,-7.345490210941395,1.4508401155689512,4.438206256840501,-5.7677608405436525,1.4752361121839501,-0.8906378655567995,3
-2.988988177238992,7.41314780240863,7.804864357257035,5.249273668928132,6.214705307382568,-7.923491726982888,-0.2912235398101102,-8.692951632633969,0.5310865503245976,6.55483980838134,-4.122778010651804,-9.972635901583663,-5.014606362975307,2.819068052964612,0.4477125493856893,9.000283712459114,10.40657235100969,-1.7384591344921012,0.34893485739846775,-2.862086378931815,0
5.614012122457668,1.601977841344899,-2.323307350681635,-0.9605654554515761,3.6975450744245295,-8.706834280219127,7.470205511062143,5.209061299584593,-5.275192025112295,3.436205509939466,-1.936179840610548,6.46630070697635,-8.229439613841883,-0.4611271210484005,4.915813529486654,-7.5422255832781655,3.0093536698165986,6.375848577570625,-3.420580273874849,7.269576871429358,6
5.0944154076625,2.308491551740184,2.6541486515109414,3.362822908855472,8.634809978037065,-6.7949073299556275,-7.6783445365833725,-1.0324577634378929,7.638206262879154,-8.628899880806747,1.787879349067289,-3.7067039992719297,3.561065601875756,-2.36572232912012,3.6528576851910146,1.8533274377885398,0.8317418106138782,-8.815427241537613,10.004930925120822,0.7924124079951831,2
-3.1512361908053017,9.608885303724636,5.389975823283807,5.163159021047104,7.266956602165395,-8.077488503810144,1.2453414382796453,-8.192782244977607,2.0751596421052065,5.196166565647893,-3.7902045140692677,-9.65292504785417,-6.5947548599691475,5.1785939072368565,0.5590824621429016,6.9006778915556355,7.44552263494009,-3.527968870498849,0.18140951236310843,-3.5344959903864974,0
-1.0106523773189044,2.414147708540942,-6.449631987003428,2.0071369371464796,8.147050729673609,-6.760379626405767,-6.589476174390797,1.2722040719586856,4.089021102002835,3.4258820224002053,0.49211097113960867,-9.440479615445078,-10.681748181767217,5.321438070182509,6.080044035253017,-2.5727201938517803,-0.9593134250401396,7.578984713123438,4.417561431023568,-6.989384474065105,7
0.5979354367779262,2.984681734126979,-5.839844317412334,2.851627199750801,10.168458489615515,-7.268067118751381,-5.5498502590804035,3.731529443321059,2.895974680220953,2.6033554176826303,-0.6487447830541501,-8.750273156912405,-8.087216542225867,6.597122076256216,6.73823276386457,-2.8426879061256067,-0.06573764867581466,8.225734679770294,4.35492424839616,-9.01030066492554,7
-5.676362492690146,7.600426645719979,8.390929570285925,5.382586168888878,5.048865432662966,-7.653078564443804,1.5257528057183707,-10.350294079418616,2.511837176254373,5.765516101163219,-3.0849680137723023,-11.121095704539044,-6.748540259158425,3.8165672099127246,-0.30724945308721746,6.910210856381191,9.468423668960552,-4.32092408510904,0.7797168844580296,-5.485962452870648,0
8.075048831067825,1.7061614448052689,-4.751086256596318,-0.6960063544806273,4.693247456452736,-6.668917812610426,8.191690227867998,4.711873687562609,-7.099130451156141,4.465081330454866,-0.889770693782132,8.706937133538855,-8.718479057581707,1.4583124693665481,4.585122174196073,-9.643532486141037,2.3675321635411732,5.164874698242985,-4.905363775869919,7.451609940677338,6
-3.1573336274390895,8.502925104225193,8.24363235894317,5.232350127166536,6.917287109398146,-6.002210353713781,1.9323098430651775,-8.8681346816265,3.326591923256754,5.268795729394883,-3.0742559488381285,-9.083468562794188,-6.753412709634587,3.720128394502372,-1.2369218020119839,7.593081035838383,10.657321599313391,-4.436264848776098,-0.029267718453810876,-4.3253392352887605,0
-0.6663010576881357,1.9608702942506824,-6.191418450747566,1.6010744404034218,8.334268777934607,-9.413809427886392,-7.027727746211783,2.6064015347203107,4.3441287263457395,2.69704158688855,-0.6641454263359943,-10.628158509645214,-11.170873089510303,7.925214401804983,7.359042111818505,-3.1494514861276297,0.13607435585342087,9.356989509140792,2.4343243448686085,-9.134710838806312,7
-1.8025054672993883,4.787092448745415,0.3297945608045203,-2.226025250049337,2.104728421555231,-6.762477564209146,5.322126071349771,7.229056701110969,-4.754605384291464,-4.3891193127455725,7.236137159640356,-0.45574092251801124,-6.105831596860615,9.357561000970398,-0.8434889108742301,-1.239409897400213,1.4035573525731642,9.448420967721646,0.12316242422270562,0.252080915567774,1
8.513615557792065,0.8761177302063068,-1.7069071998280512,1.857761206081936,5.742072565959697,-7.370897529308132,7.819244892572673,7.979996403038183,-6.804796187166706,4.5829216828012225,0.6576096791074358,6.150081017466764,-10.213095898883028,1.3488665797599946,5.267191864321901,-7.603008848636355,2.3693910893526757,6.301476922014356,-2.9976296558105986,6.5371537696092235,6
5.547295004268119,1.0488792208158837,1.1349759806383315,2.224196322687413,8.407603017861419,-5.806177989897931,-8.244658309729852,-2.37985979986715,7.997435771200149,-8.436598446934022,2.4392643341147,-3.9736194524892734,4.702986319997381,-2.170666499372527,3.106746175074387,1.1322005408026716,-0.20821685570246262,-7.467034668856002,6.895008219555268,-0.7258094104634485,2
8.597357130620612,-2.033857509933891,-6.910127629330708,-8.199958499296926,-0.7031375489722282,9.488669758162553,5.884144243165536,-5.574101943676358,-1.0406097806364192,-0.9881994684545141,-1.9847139225477086,-5.0106727731820495,-6.432921110354238,8.824241617115726,-7.520044167848668,2.5373917471860636,4.299010995779397,-6.392776527118916,2.865257331418466,-0.7889737662131612,3
-2.1527066069946925,4.637575482556651,-0.71111730290214,-1.7272187906650476,2.8268111288733992,-6.8525870254989325,5.6910133461465335,7.840158359774754,-5.758546614965597,-7.560893395276166,6.317238777590925,-2.800086869927661,-5.158315218508112,10.064749071866812,-1.4320333459896333,-2.4051896745508343,3.5965333523516345,9.562085619663401,2.301883367531281,-0.3475721471496918,1
0.6029083785237703,4.141522397734784,-6.90383063826926,2.0022920422580572,9.319399385078261,-7.647313088332473,-6.986064003185917,1.2205362879624726,4.263410464587912,3.4575171677575693,-0.4497818982932299,-11.509066547943277,-7.490879805133398,7.3907940090442406,5.033424444746742,-2.915656035152251,-0.004030549460749877,7.677654071129752,4.593695510295162,-8.215486832968566,7
7.6028747733837205,-3.3713658974751057,-5.1287316467556705,-6.398126449233636,0.11024689393064235,9.731688647555568,6.271140072228905,-6.177690530297607,0.6591185764780951,0.667139320591434,-2.595095834150313,-4.060306468869276,-6.811954040037845,7.627817128445821,-6.593049947046804,1.3432380078728425,3.192750145366378,-5.915897787223221,-1.375632939378289,-0.3667675370708936,3
-0.2886724875387915,3.4779396868589223,-5.903197133878657,2.7220202002413507,8.381741920701566,-9.789944508874905,-7.994486540797687,0.5321643862696401,3.294375653878463,2.4802953355946973,-1.9934179212269583,-9.621584493938911,-9.964908810255714,6.918512024641031,5.091678550533384,-3.442231486257949,-0.354122093467822,9.595076182658486,3.623187683227096,-7.040714039089261,7
7.711240397303472,0.1369429241591027,-3.821660844871287,-1.4782848573848564,5.818677217831173,-8.928930885484835,7.701826271633135,6.190308732251201,-6.363060172400866,2.739207700592182,0.34162766069085193,6.793176557860957,-9.571177412790263,-0.611455861793557,6.900084378028542,-6.455898975896149,2.7959337491563963,4.685719175572796,-4.657427084372508,7.598911381088453,6
9.389137619166839,-5.192218271789908,-5.58166753565099,-6.833232272249347,0.11911123776418164,7.854306677148376,6.446670349463452,-5.130417519293288,0.8784596524748539,-1.1636602290702371,0.29546218928677126,-3.051677724183177,-7.041043150166416,9.336853648150683,-7.684625794182032,3.250613982978928,3.667888996601807,-7.205216394391272,0.3168436917037727,-1.4428397285483558,3
9.641336750574807,-2.5404923758434785,-7.6573999549744105,-7.850145730579329,0.13339555847755602,9.197769592424683,5.836034538131994,-5.760312910726323,0.2727422951813044,0.3455484248974259,-2.807435530928377,-5.153504244348035,-6.568240126660366,8.738224707812073,-6.240204166108734,1.4130239351855798,4.5691926442850095,-7.1769532515864904,-0.3665561162233898,0.6718317147716792,3
5.839953034362696,1.8680870077163685,1.1754727520983446,3.8913788937820284,9.269779940604744,-3.9492077591102754,-8.475150273527307,-1.9251987155404757,8.165237547225216,-7.8930523673714985,4.724366339344533,-4.783919527595806,3.3721505334189077,-3.7954747474714843,3.8988734448784377,1.0142641726261714,0.7722891177238552,-8.232782657102902,8.181679845117003,1.0319392170290165,2
5.253996608471895,3.122792319087706,3.0869241196854396,4.368326615399182,7.807044593525423,-4.866795266926832,-6.546695832206245,-1.1829504517986105,10.664594982887836,-7.710604666537358,4.467013107329052,-4.813007476665604,3.116426075311143,-3.3754862430870145,3.347303164575184,2.307025836584297,1.3930223965079045,-7.9341980517531505,8.544874024427996,-0.9814422908579217,2
-7.0517081452495844,-5.158680799227655,1.2277560771653815,-7.7596371268372355,-9.84501333431429,-9.596614214923123,-6.314761843951574,-4.234425004936399,-9.601600914748886,5.252750660886712,-2.6150917045081523,6.023312926414495,2.2138080167293297,-8.062631268338446,7.49745264399864,5.619546995263507,-9.318134204033544,7.652325985912367,9.363128547657862,-7.569986799350402,5
-0.9358716997806241,3.059012407302565,-4.840150962385171,1.7234666756612347,8.665101850221951,-6.7649733365593105,-8.162707866366388,2.8286508635142433,4.045070532718379,1.940319522730733,-0.825800060316859,-8.539563862004186,-9.4986444725852,7.315704962490188,4.390473392267068,-3.8198008119333227,0.22285469971084582,6.904934231227141,3.840267085774391,-8.44207232055043,7
-6.213020176142083,-5.422341080005215,-1.6061929917051345,-10.203857726306266,-9.76120608338872,-10.37737499092591,-4.038552276702604,-3.7641227397798223,-9.813640437052584,5.048922323669357,-6.404051575626418,2.852509357163532,1.1421907035446828,-9.112862970292166,9.767446997562297,3.989295572067222,-8.314333045233731,5.920350309009238,7.244173908583058,-8.973068178232088,5
1.5168108149429669,3.3170848714269936,-5.695630046541823,1.7753510441248816,9.206764913195308,-6.898878231822823,-7.132469900069737,-0.685485710365366,4.681557582771173,4.3173461560403155,2.6438749509997588,-7.823980860798881,-8.938290515254703,6.507956358264851,6.578074002005158,-4.0866129944747,0.13896352445883275,9.301059487330347,2.7718207270655673,-8.003717023660059,7
10.557349457229476,-3.7934599724573785,-6.745490492868593,-6.835940243475467,-0.5757941998953859,9.049048938523631,8.021114894402807,-5.9845359167194285,-1.6171752846925427,0.11167117542532301,-2.7106872817097787,-2.918901622363808,-5.845322151434081,9.529939251222071,-6.897463850732914,0.8848092096263191,3.754296885007903,-6.50863553785872,-1.840655487336122,-1.3246841091722639,3
9.741673165012061,-3.2418576759758135,-6.860055609255013,-6.831391408305518,-2.1095276253174164,10.07474588164516,8.422173389076,-4.287144641813993,-0.051182472854510386,0.17083763356119663,-1.4429804505726747,-4.030041248379549,-6.872984934585867,7.476644479152307,-5.669115475489589,0.4802828732961979,3.8976738956253776,-5.639743459942294,0.26631550172151747,-2.4588652383499787,3
5.477242516624658,3.020179251534279,2.854380651134235,3.4786766391380373,8.754301869030988,-4.217592286148035,-7.089111403938305,-3.329022448711366,8.457369124265913,-7.656492408340907,4.379673514349488,-2.282624854301638,3.611878711655426,-2.2150590429786963,4.697878493322258,2.520673175669114,0.79986820943687,-7.496249098727217,8.262006612563248,0.20397329342729753,2
8.243320483078026,0.7792905138619173,-1.235016314691824,-0.6826117186099517,4.256223728699241,-8.296484122869346,8.297284523526685,5.883874360863742,-6.776914618068723,5.141537473861975,0.48064066017952295,8.1580832375019,-7.44154549538265,1.4229257970874996,4.924627957024708,-8.100841193999196,3.0479987955339682,4.344485705527214,-4.376774780844851,9.70425712912673,6
8.043949264534875,-3.8330218450009106,-6.597502931291233,-8.340416247385415,0.3739028828093285,9.983163308452381,8.226697736901716,-5.165895433052183,0.7914285735912744,-0.07931165752464409,-2.289208485352144,-5.723712153711899,-5.714587660041967,9.052479694492574,-6.955917904644101,2.8473291161228467,4.378681691223456,-6.6741488753680045,-0.7458070658979548,-2.2170633366967127,3
-4.145430893136884,9.124725954898212,5.975751515548674,7.27975294747402,7.286104629228219,-9.126192613474721,1.3208784465467476,-9.015989689090294,3.1976954310443313,5.832200475468928,-3.665017596633154,-9.165012424559592,-7.2271105778883244,6.286491686253118,-0.9455692986578266,7.2469205894910935,8.786566045740452,-3.690642876422552,-2.136306077323047,-3.0893523151055917,0
-2.1516876429185,4.370594708778193,2.5835989103689143,-2.2186939614337735,2.596558249843527,-6.4803233715959125,4.592017678924447,5.804740362061862,-7.176096372423042,-6.820224271950508,7.191045075289466,-0.49932435315012463,-5.2609782001706815,8.379238717812372,-0.3715855469602919,-3.239371463585025,2.3405651800802953,9.13513669846237,1.8619949898359927,-2.3257376723607184,1
-3.8149882131876858,8.645197092973225,6.951149605384575,6.45681026424519,6.398501541128207,-7.111826188878629,1.8416566649098474,-10.374412332880501,2.6808356320979105,6.545186434835526,-4.895287362960069,-10.179293789882708,-5.727490260701431,6.110301324144762,-0.4971009796857529,7.564652105555598,9.719345698071125,-2.486473650552389,0.9011636800802447,-3.2602731990680915,0
7.881620412543509,0.44975526718373704,-3.6003129231625484,0.7218270586025406,3.6711270945483454,-7.7684151432985855,8.188038656410445,5.235043716795571,-5.890518499652698,5.437213528231547,-0.912690317242675,6.283628625273832,-9.380468435434146,1.9150594070373117,7.392594658322653,-7.044973053016081,3.2441566488265905,4.37067706110731,-4.104985771520642,7.94904378020775,6
10.041770811638875,-5.750953513611599,-8.39923705144075,-8.204259033134434,-1.3173132209209268,9.429660139682452,6.222474313801324,-4.3525213400356915,-1.2401070811075614,-0.22986037326169428,-3.8301680882014137,-4.376068441743864,-7.1017270092927784,9.339776051223284,-7.403423025450139,2.116162479485161,5.319596810716403,-7.831493162881144,-0.06025995711261092,-1.3982316296828157,3
6.60709991580306,3.626840965509419,2.1608613303999933,3.477322730921402,6.52814465426159,-5.9636283971375725,-5.755103393524258,-2.564199341958655,9.755654303556495,-8.689163941854062,4.97889199751436,-3.181346134534458,3.300936893282725,-4.136380048017633,3.4820493307163676,2.4850978676380944,1.6053453387851793,-7.768100083645152,7.654408221398775,0.9867167258377041,2
11.400574926990263,-2.7722840870349414,-7.272512267202352,-6.958533630997221,-0.18915505370542077,9.134939167493759,6.014329992915257,-5.897807472945069,0.34745830633439323,-0.7984817981720511,-3.1781124368231413,-6.193471561961692,-7.148539216448176,9.255470356237392,-6.6340738782702005,2.0334310902442825,2.362726380164224,-3.5066243540372666,-0.3135747755554672,-2.1698113783051207,3
-4.598774183183356,10.919500324422724,3.6900534988361438,-2.4788979105096427,-7.354763489396089,-9.579913013792686,-2.9939733330323093,-6.467250389146061,5.738880547349557,-0.43823700743148003,8.574920358647265,-10.598336355391776,-5.52302578035172,-8.099110077722548,-0.9958926304112122,0.20552099366941667,0.777449460593602,1.9977372635137738,9.464611689193175,1.3931099275905678,4
-3.6975372932065156,-6.438005316699821,0.8248772406574519,-9.05290759357113,-8.898616534905814,-7.865778173481585,-2.6415760302290052,-5.52495264919272,-9.581047997657285,6.54860268166377,-4.257888951301665,4.361457210607784,1.3807490754999914,-8.56225399854283,8.774514859245157,4.332378582171632,-8.362626739959357,7.583580485634439,9.262376295108277,-6.936953683760363,5
-2.7128321409975182,8.708379312583485,9.602640930674914,8.249729663319874,6.405502602921024,-5.932181335892783,2.62743353941371,-8.42638734495166,3.129049002623071,6.008197027674964,-4.348266675065574,-9.218838494283723,-5.668865585735948,4.057169435213986,-2.211840606249245,8.118437406020421,9.059269442562002,-3.1250137762089825,0.7562273869095544,-0.7497872147891758,0
-0.2938602867674183,2.127129194678767,-7.042062125817345,2.9652191767256237,7.489723506688913,-7.708349997438773,-5.892588657478906,2.9347060041536537,5.21199643771194,3.700153753691897,2.1964012813040745,-9.289858543561907,-10.139097104219978,6.7688856245358435,5.688175098557649,-5.100309528314867,-1.3433911707892527,10.82354421875323,3.8174296632315112,-8.670208023464513,7
-4.483395683258232,8.200622710418598,8.064564004035551,6.970168551288438,6.857646721010375,-7.203462155756116,1.7154670811402992,-8.987622803552606,2.0838595926780163,5.5369615050868,-4.895495945160923,-10.907416753100506,-6.563124139456515,5.502880289731868,1.062611160059144,8.117029837692753,9.350505909352766,-3.3267610641041467,0.8306931505262674,-3.8867810299889447,0
8.285541286819944,1.3214444505252434,-4.6723999751388625,-1.316390508000893,4.624052000780607,-5.798827948698857,7.26672249792302,4.7454003967705605,-6.668647761449019,5.295107204669955,-0.7836278640378901,6.048246861254492,-8.98168394525869,1.198958077753511,5.776229807059284,-7.941331953783134,3.1565241095266012,5.364543582530501,-5.3283507336559,8.45022731937041,6
-6.629476472085858,-7.197054862791828,0.22209472945952877,-8.904671939232708,-9.061894498315269,-9.766974254248364,-3.7942162463963056,-5.920234057376045,-8.904939027170325,6.949836038815064,-6.325238004304295,5.109762185277235,1.2204857218571021,-9.602160012447301,8.944944677899741,2.6972365224915134,-6.777258318069402,7.106894781779582,9.79388198527653,-8.511010489233026,5
-3.325209105317061,7.309885066045654,5.923236832211609,4.500905948811038,6.8648020912636225,-8.247793221139794,1.5101616802118136,-8.487933094338738,1.9309118667063334,6.428147776898523,-3.7465547839128517,-9.966189583607097,-6.58764786909615,4.1402902769312275,0.27372475138004426,5.7213024707317075,9.119808896074828,-5.246217688394368,-0.9532071358025221,-3.3497307874149547,0
-1.435137685369877,2.9720397959400846,0.8952054303894442,-2.1294439815856085,1.9423131095081305,-5.757725071252256,5.288044989828531,6.807067786728669,-5.194664544407748,-5.963089014433494,6.93496395584108,-1.3791057224660075,-6.024026708716272,9.069817481185593,0.32781193918181084,-3.034734627027611,4.943029189901905,10.129277127211035,2.1086958824894153,-0.29019359790526533,1
-5.176956085105985,-5.455177597533902,-0.40317911553075764,-9.605048776748195,-8.621510691214167,-9.159869700443283,-3.9904223796697567,-2.5520107862062535,-10.563921842916052,6.162447924160441,-5.661449689562861,4.147386332500644,0.9482897176169884,-7.906220008989287,8.1147961505034,3.0993681129689534,-7.674398471057921,8.466489995012276,7.279809621286946,-7.052944814010136,5
7.742957071702314,3.760864223207609,-3.131381172761013,-2.2074678490049173,5.517727217563982,-7.46053416200163,6.338161765910905,5.923257930235027,-5.5510474873682725,6.050586497471654,0.6760956842542636,6.90526894094373,-8.339859935960979,-0.1068585049526043,6.530866160990805,-8.346136866687017,1.4093121886094164,3.1702213581701217,-5.007804133166669,6.259647813194541,6
8.467358969349279,-3.825538012149807,-7.575621369660952,-9.601596927588327,0.244022524793861,10.31435832655367,5.978179129305485,-4.399282695585229,-1.1254826810498584,-0.8092445671142201,-1.615403520760539,-7.161124489639508,-4.459351528834201,8.665169289483371,-6.603196696352885,1.9923269570933435,5.487794013000007,-5.14188034007252,-0.16867913536244267,-1.5017762450458612,3
-5.396270712108027,7.860262764775793,2.9754551159795435,-2.2724050458964826,-6.656531533729206,-8.426876204407947,-3.256584273022975,-3.849855831797403,6.499740023770422,0.6864165132228834,7.141256373912519,-9.057000438656045,-4.858776533515095,-7.750226445893988,0.3170229095433723,1.2492987672615135,1.166333382686004,2.2354252240128343,10.767769779203482,2.7626347503690463,4
-2.436160859950636,10.316213370258636,7.795687427250324,4.184772513046902,7.289308127538349,-7.632658276471376,2.6556284839932305,-9.99901219185034,3.3913891171018014,5.125759272658005,-6.446303264644152,-8.701890064230945,-5.6612751158239885,5.3450886273799805,-3.023752799855176,8.727977798497667,8.738425355065651,-4.406082232103371,-0.2859285191558535,-5.046977542229259,0
8.35359667790761,1.8689961638206611,-3.713811072879495,-0.3818402014471477,6.230616588972599,-6.102364866222361,7.772482763669235,5.7490542858036315,-6.535991159117761,6.087496602845518,1.1232009532592675,6.073121457144299,-8.695558617929205,1.186595576805892,6.769390794535275,-8.55487283384372,4.578902978286945,4.529901214232497,-4.565790257476322,8.902310695709739,6
-3.3046020252081982,2.72154403520209,1.0002002496996845,0.6183985319593868,3.0920961547453967,-5.036177684793025,2.854897005933685,7.2612544083458275,-4.925662432876338,-8.308829944892445,5.903511198492212,-0.7716112210574702,-7.018193960325492,7.518257270386394,-0.5942841623336187,-3.4155920884776974,3.6176232566481135,8.72795731096699,1.1203797352368836,-1.4331872041524178,1
1.586713319730307,2.526914641979149,-4.115496106949708,3.3654628048767674,8.664201346084155,-8.983028985019715,-7.821489426846789,1.4077555536399702,4.337115745471339,2.8930517202735477,-0.4146149644375392,-9.022844739932731,-8.358520571891313,4.866420985636907,7.338278120793492,-4.008930615497404,0.30172738529014087,8.823673573384093,2.211056891811951,-7.031424331982014,7
3.776043880143625,2.1339556016708108,2.236248119440779,3.915747176807219,9.435672272973802,-5.72215101559658,-5.671836469668255,-3.312060210085904,10.465372727172467,-7.910623650482121,3.40550377019475,-4.043301223671233,2.8316478575107076,-2.2011511081644626,3.1865101944347094,-0.02001338849549872,1.4401679604888475,-7.47003226165824,7.604259354896665,-0.4055262627478104,2
-5.902273553512367,10.498144684790931,1.2496356891701392,-3.071487445126352,-6.14732652709921,-7.778479721372522,-2.6016424091131607,-6.217710245660541,7.6503606992041115,-1.1897868435552796,9.919270391775589,-8.626745514686474,-6.955499662566304,-8.06297494931728,-1.699608191349564,0.583533188892869,-0.9464708557127111,2.1716271667531046,9.229767255405086,5.341816187696817,4
6.523270937625336,2.8848775646868083,3.5647678466105415,4.488702802770008,6.836925432408796,-6.167242388964711,-7.584966177348972,-0.6524595640391535,8.897119334439438,-8.62593796665613,2.949235206015912,-5.791364150926115,2.2778093408696547,-3.946763294286082,4.813641983273199,2.250784142727386,1.662175248802225,-8.464838637320923,8.481323798666967,-1.0515539389647486,2
-3.6768335109539643,9.212550150644164,7.708246272803256,5.70958871688834,5.321607772861824,-8.549427762428,1.8671567790338104,-10.421948574591124,2.8797838262495308,6.7527574125110466,-4.820353298841631,-8.06527486528356,-7.107893496224153,4.984203570131958,1.300949770136901,5.796613132271776,8.520373534517303,-3.3224967872394107,-1.7639417935930888,-5.231725066818221,0
-4.024183657260459,8.305524864438578,7.182375318433388,5.7200233018477205,7.056281330013688,-7.65894762433979,0.49906623481300105,-8.138255368577996,1.8002402336870702,5.955492480841631,-4.909993173355955,-7.299033591423011,-7.104425306739153,5.336013075896613,0.27682998445982887,7.139224071776758,8.873209526910285,-2.6644422922035234,0.20278958384043377,-4.692438855061676,0
8.304481418683388,-3.4558289525106547,-6.555801934034496,-6.981472749418365,-1.993289951373959,9.037839094613503,6.410876356991696,-4.608407272381791,1.082881570002311,-0.8863415356853046,-3.207096394025564,-5.367184819633227,-4.8566981481409295,8.290764706853537,-8.211828665832984,1.4039006928859212,3.163383335255693,-6.189799852239607,1.162716883975204,-1.363353227211336,3
5.371070237671989,1.5856128621727632,1.7940669944594854,3.331456004538474,9.978548711946793,-4.676108687579443,-6.2097092042508315,-3.653260493512318,9.115375957152674,-6.807694241570043,3.056932261517757,-4.987218075327479,3.577029201084221,-3.8532805102199155,6.2101192746258,3.126481804829523,-0.05470690049841054,-8.32227791029679,7.93176302785905,-2.2441685578484023,2
7.573583091337474,1.033457247903649,-3.0885826254459925,-1.210285426230323,6.346360675312786,-8.929456018340883,8.991954446247881,4.458917807386172,-6.021240321230846,4.177294216620335,0.6893208389641211,7.363174305008101,-10.667955453544696,-0.6330482534926831,4.698386427454425,-7.325980144355165,5.630366457298012,4.638340909922852,-3.707062012059139,7.514330102325344,6
-2.284976312340069,5.042734115291271,-1.1225352127703947,-2.6715997519120576,-0.07994348994188494,-6.204883339001718,5.3670036208549625,7.235788940964094,-6.484352335986198,-6.369686228336511,8.301808619932027,-2.084569883896236,-6.518340452645286,7.90847876602103,-0.5783491982965704,-0.8785987080898396,3.849727836568119,9.834529036655812,1.9676112313537544,-0.4950082147743283,1
4.139996872112478,4.162183744374451,1.3725819792879606,4.124747483077979,7.631242170056628,-3.7392716704044378,-6.671793920144115,0.022588955235131936,9.731854373655798,-6.990411869551765,3.4576477036023348,-4.841738162330476,1.981986908009153,-3.0430343645645292,4.096675915201575,2.7463086545871405,1.9184211148918493,-6.284254128402881,9.565418161863846,0.9182044999538501,2
-3.6861985374541764,8.432404513166063,6.871753582216197,4.237458610942034,5.46998175901909,-8.14606342414494,2.18112479363342,-8.846595018291625,2.0103449792057395,6.3555634223011825,-4.388793004254323,-8.05700374027378,-5.299739715499571,6.311128822367559,-2.179519307007589,7.897959764239915,9.72469317749914,-3.560227827848789,-1.2379168991737983,-2.630672288323253,0
7.745508412060272,0.12273012607178457,-3.29996026133144,-2.4707609451933585,4.787035375506621,-7.635819711719203,6.739729796712005,4.468943585582321,-5.8053498804342505,5.548657181208596,0.40850605466653317,7.008516025439657,-8.443635102765125,-0.0513025902533486,6.766016142151402,-6.8795813878464305,2.4168341992418263,6.478377889241936,-3.7606320390384784,5.521709034284382,6
-6.387300372613898,-4.627879218550145,0.323977537860783,-8.215762704178397,-7.9927010795704945,-9.236803461955146,-3.6671883846701796,-3.000223757393997,-9.535818612263892,5.31624284099763,-4.079427038401605,4.627398533708209,2.402867366386751,-8.520565997337052,9.395833063090254,3.140018996083244,-8.316789582109076,7.784999714072093,8.372874736335612,-9.910614104247985,5
-3.0463785536609733,4.068316350469423,1.0978563325392803,-1.7106211391666986,2.6079822956903236,-6.6698441082200866,4.363788976547728,6.831411378275692,-6.3380574676752826,-7.206121546999993,7.4106071655191155,-1.0927803394086089,-6.733388394892134,10.071987824723935,-1.5649677492192753,-1.4297317000183507,4.024557844147365,8.94186069161285,1.7828028856522575,-0.6951573713401871,1
-2.199871208077176,3.74425475735578,0.06722117950623241,-1.0678881450088091,2.8646315664690545,-7.962825098375111,5.90268729553375,7.6055011334531875,-4.732109773456929,-7.5338755803444455,7.502527231475716,0.23120912416277206,-6.761086985416266,10.044155197546129,0.07616192445292935,-1.208020005110995,4.399225693909134,10.7687088242725,1.1027898011573904,-0.022076195368732177,1
-0.8999955402885491,3.0366585466904277,-7.674543382932176,1.9106401028352602,8.627674188518672,-8.893062807030947,-8.366208523360138,0.1464546945621361,3.1678704593319016,1.7028914693344777,1.1094140124694296,-9.630580983435092,-9.576140888198276,6.2611590027975526,5.506794214783831,-4.261076214865992,1.0628483770684516,8.797379531024193,2.9213499634204814,-7.704493778429861,7
0.4320477895774295,2.1377137703044573,-7.420567432686442,2.6585488567149578,9.281378783229357,-7.804924347586625,-8.196453489076585,2.0583114798963638,3.052077718343197,1.4601448573663973,0.3329039141416121,-9.16785030871961,-8.138411716985958,5.201054696625709,6.783921250800627,-3.4214277496066074,-0.3193613550667887,8.523640122388812,4.1990525916040005,-7.009930332943419,7
-4.277239562663941,11.809373166192072,1.5975366295379092,-4.241521275730571,-6.847691577965432,-7.850761937221806,-4.624790718316147,-5.661837862530266,5.092334866797415,0.3393156566036686,9.375140107679114,-9.202612909703038,-5.984980509046482,-8.980772296293994,-1.2319899714088178,2.9622057300736317,2.4157447443247286,1.7863764371691506,8.179289967289048,1.8010735184881355,4
8.556058589622449,1.5695655013761751,-2.5850232758231697,0.9828269627422059,6.075748243922235,-8.12379680464611,9.549820063457204,5.873904235817067,-4.5539059085794165,3.7505224963359187,-0.04270855862870909,4.542355590233225,-10.15866964934172,0.9796530743082081,6.1716031583552855,-6.786872977013049,4.514877522758121,6.087280442461735,-5.43376414189865,8.247418134130465,6
-1.2059858135029158,4.213437833532639,1.2571656878485844,-2.636106768850105,2.2864127776366074,-7.507827264924291,5.5078879168002555,5.073726343204196,-7.664448006745498,-6.154219405572928,6.323866383769424,0.36766954994435075,-7.22780410648198,9.749208351743423,-0.7602364234618457,-1.275530938737291,5.073435533236841,8.57821456308441,1.2029950611514115,-0.1619075019191711,1
9.280497841739361,-2.8565099865407975,-7.529544331237787,-6.449432784919421,0.1982709209995004,6.1842295787731985,8.087065711518513,-3.9348604018370135,0.9996263864723415,-0.2649965152688803,-1.4771184416896532,-5.236578838885854,-7.5417107821088045,7.445349155506313,-7.675332317737801,2.445645651982719,3.58547191982026,-5.673597560486248,0.13857752026967124,-0.814528587637483,3
6.422674395994876,3.479865266366812,1.3945410426590892,1.9177749373985982,7.768847991419593,-5.857528744938073,-6.841829961353794,-0.6756986716107154,8.999719351029713,-6.103657005697284,3.4091139646498507,-5.089645510570052,3.625977013821478,-1.87003909720449,5.648058029869167,2.3023946947623672,2.8364721283703735,-8.81859678353947,7.154571502198481,0.8711608583428532,2
-3.729766161684319,9.254244171188072,6.341774762442899,4.542937005116126,5.534230183238325,-6.497366353774195,1.8912977097126609,-10.316218281965844,4.632910484755419,4.450515171764828,-4.6662984880959195,-10.14198683524769,-5.3687920121051365,6.4078816813228086,-0.2656243338073046,5.747149096513374,8.028048844141566,-5.5445025709900495,-0.40656057264782214,-4.405491217093183,0
-2.3482582354058863,3.604420963301852,0.04977809263931532,-1.7104857360043708,1.7554527064211178,-5.834614014814888,5.279644428166198,6.521081534252941,-4.313040249629886,-6.37703431905255,8.34100567587248,1.8088585945646423,-6.856964312778576,10.455519793363191,-0.8256411532767898,-2.345270024293375,3.6438519337870465,9.710354487149337,2.057322125361069,0.029287719355137465,1
0.44028483985568145,2.0794311897518445,-6.72096519956539,3.0344239094516094,6.521087600803941,-6.4240218816139,-6.487948508550947,0.6759523906815662,5.102050638901457,1.5918452063465396,0.38785945923966014,-9.82995016683967,-9.647481187687184,5.3971353662590635,7.287584107820503,-5.354325612891712,1.9085853271064264,9.69488682581779,4.092153699898195,-8.489247870523117,7
0.4157136631011134,1.8831481104088275,-6.63851482343581,1.1367259059710955,8.032668823364304,-4.957153890095126,-7.135101423514331,2.127370533297407,3.0111748665569835,1.3793827089805402,0.6176179085825827,-9.41347419568773,-10.38749715464664,6.979429708201746,5.758196674172027,-3.2064243950617386,0.11267662105201193,10.352274531142411,4.53614083370323,-9.246935674410496,7
-0.2936133365576187,1.4116426928319945,-7.713880085866826,1.425531617766688,6.398399226522025,-8.887952764172612,-6.239724061562758,1.6458547064841131,4.0042105852043335,0.7466493065047213,0.24856873652496408,-9.171558423073591,-9.61399078450279,6.515076751430506,6.593199971007171,-2.844274655007469,2.319764873396973,8.724752440204316,4.2915075366562965,-9.0590991900948,7
-3.643902813678318,9.999920659692949,5.8502245191309745,5.697540850014895,7.8498688421987595,-8.92521698698423,2.2623833255077956,-8.443128815124622,1.8916308220970879,5.055421422389428,-3.8127157411095474,-9.269510780123616,-7.2855112970389815,3.8979762600124768,-0.4324753002587472,7.60447630843663,9.38553878551075,-2.4335829703899696,0.0264412332943047,-4.182702776731831,0
-4.171107336718584,8.337427381356779,7.345330793955542,4.953484723283147,8.456855418731413,-7.866830141087151,1.768597228410489,-9.474206367487525,2.261385344586117,5.297887458092709,-4.357243660614433,-7.555839295896824,-3.848114698528502,6.401591441382517,-1.9337121780351605,8.515865546739311,8.799396281460526,-1.468312238114264,0.1403652828542673,-2.0478448791692916,0
-3.7035874617219218,7.688676711004387,7.285526299386368,6.676274505931492,5.064890086315528,-7.871903348036414,2.6488396789706563,-11.578852684821662,1.7347756529050922,5.110444629356241,-4.331068106022084,-9.638577888116142,-7.027114061880724,3.5308077407102063,-2.7557624226799233,7.545012627908746,9.582117033983872,-2.9249735113474022,-0.7864495642587919,-1.8538719009827938,0
7.402961283303351,1.104537456411456,-4.365396980022484,-0.3499991179015413,6.528748241060527,-6.336448037571502,7.722148904385163,2.9676535029332705,-5.955697835099302,5.902627742175832,1.8591114007657503,5.404400294209883,-8.923337121778706,3.3005559752665956,5.458469633247694,-7.622249001744359,3.475884626308464,6.495601958229072,-5.204944767889903,8.333540404085833,6
1.134397952541472,2.2113460694960168,-7.2586454249255725,2.250264551658625,7.339153165985592,-7.716100651667931,-7.0621188730936995,2.650231124753346,3.3668771662606822,1.8248565230242448,-1.4619736959438234,-8.726770717084271,-8.401845756118348,6.603435826794808,6.421832254198532,-2.1091547195349865,0.33369886088456,11.589828198960731,2.790076360056663,-8.198520817806834,7
-3.0582079530202586,10.05749255455066,7.418983739334594,5.042592643633324,6.3570546511527235,-7.225481299841963,-0.9506442604291956,-9.67559762418592,2.753177226639429,4.446002787970683,-3.9596394884491484,-8.925929157704685,-5.217760478566971,3.8154985645418016,-0.8099779686470482,8.670653971200023,9.714503721548878,-3.0779909094323203,0.5911523376062182,-4.005852488910783,0
-5.0573158083759076,9.279413058119811,6.119008236768661,5.937486562382873,5.730283121877589,-8.572928387807188,2.8402853658706055,-9.57155251966726,1.331248629328387,7.182093712653545,-3.916214412663989,-9.137627414180685,-4.2079137710088315,6.8918284405206816,-1.2057682009938007,7.45542807928998,9.313731769370209,-4.509140242311121,0.34284823366523653,-3.8233731939252382,0
-8.143784277064183,-7.293045779377402,-0.1930647266797501,-9.141165373328692,-7.524248023027692,-9.536277997043214,-4.120755610715612,-4.476294730626266,-11.38455171270335,5.1428256489179205,-5.550111670019077,3.5598000067598763,1.828442994185597,-7.455682390444572,7.5438908519388015,5.6472518827286855,-6.850643943639956,7.799653712116017,7.909140408401271,-8.38025234519053,5
-3.8998652484488163,10.087009240302113,2.070876392520491,-1.1543262082895653,-9.239717729766786,-10.371437390302335,-4.474607640533222,-5.1857737295889805,6.396100982625731,0.2523570201447345,8.563056469528032,-7.887226674154049,-5.833847281174258,-9.076616081729501,-2.278873469800505,1.317521546483857,-0.678016449109539,1.0825061466580483,8.918516763166098,3.5463500738471048,4
-2.3385016088919643,3.756756376607083,1.0724681823756779,-2.652076130365121,2.9961838850352494,-7.434117998046121,4.936195232503697,8.118597708525417,-6.500430929518326,-6.51426893385977,8.680731871804841,-0.46439782012262365,-7.6582105310518225,9.76668220703958,0.005564170716930605,-3.864017444243971,3.4471900013405383,10.603030617415158,1.6849846391936436,-2.6770153662406826,1
7.701174424906581,-3.41515791835437,-7.032732806333152,-6.953327050357381,1.3244834915052057,10.30301368470044,6.603628911391307,-5.647203040608562,-0.5813492208855646,-0.05213226915359109,-0.11578327536646471,-4.871865013399982,-5.866865139701094,8.40340885742452,-9.176376961573958,2.0192086371157436,4.795573513217442,-4.718001174091162,0.9512554146380303,-1.3927323532933678,3
5.138388894627762,2.527883180420483,0.5298917412358497,1.3237444122749804,9.901456168654226,-3.1437130305671093,-6.467280466470204,-1.317014274653522,9.12029587754497,-8.321721211595575,4.247444490966044,-4.507387210451483,3.43335962369213,-3.579736352978594,6.306284332088846,0.22132288444202075,1.534359118990002,-7.272472144244191,8.51381714143552,0.4379370122298043,2
8.817601662637626,-4.118572125857913,-5.58445341644424,-8.707710755619969,0.051304117459693266,8.734379467858988,5.959388912653095,-4.434072581944756,0.8868918022957711,-0.38958534908555464,-2.9195085059877717,-7.326275129895473,-5.853070455076231,7.848343109290923,-5.307306947599772,3.46468279566992,3.5476426059530946,-4.934841571831832,-0.22990127211779288,-2.118096343528837,3
-2.096846644575165,9.747745410015991,8.15924635015002,5.113427050068224,7.432809818061106,-7.855982062287467,0.5682737056055023,-9.661224343742123,4.198632666846623,6.657539323907919,-3.9308605922665603,-9.192543765101076,-6.356787339978236,5.162332774887901,-0.06799010645848558,8.601330478983604,9.36400288232181,-3.8575207378535783,-0.8069252575066014,-1.8285019755608725,0
4.225447707236549,4.120816520133327,2.611023885535742,4.153426703704355,8.846374959364722,-5.725256270918909,-6.3304779165386975,-1.8281715193417778,9.00526003762179,-8.725762461047466,1.3635968679028365,-4.218375841978182,1.40772094775851,-3.347718004819439,4.85956184305114,1.0367142770428681,0.8300545339350004,-8.652686809698263,8.875417389462555,-0.9050898180251088,2
7.540276125542701,0.8556619277636148,-4.216985977171488,-1.003544674378343,5.201035411717872,-9.096903442967424,7.963034043087602,4.254252946588997,-7.32074338708212,5.114280240220714,0.9751069168509214,6.652211776724718,-8.137503775003964,-0.11810716057370607,6.020981658634606,-8.965053365996367,3.885551409670123,4.995425838878427,-5.013723708022821,6.972809994352522,6
5.148848291509174,3.2547387077266743,3.549837509512617,2.4376909916913343,9.69178636402798,-3.982063494276942,-6.343889391275638,-2.3158835174725287,8.707858141075087,-8.719009520292484,3.450436131750092,-5.4179026760200895,2.9857200196290967,-3.6562783357896644,3.8252756164937622,2.3482458453513106,1.4246340500977164,-7.8626549343541985,9.661854117204529,-0.5080090937855903,2
-6.99173641126521,-8.406976606397196,-0.11191379774487423,-9.918792352080242,-9.735133643703126,-8.879420234814418,-3.2168080533739767,-4.838141688274335,-8.649459525747119,5.270955075055332,-5.356854073546536,3.8318100143590232,1.3346658530562738,-8.988553538979266,8.46301133992331,5.626093483540897,-7.4362068850634016,8.448571362578123,8.834997115100581,-7.854697564836595,5
6.6568832615467,3.412952103953032,0.6633077771221507,3.207722323872627,8.29570262599148,-4.799675140639644,-8.95198979716446,-2.220543047471969,7.432986334197909,-7.464002092438143,2.927639224970396,-5.774221947299171,1.8112039081955287,-4.833215893201998,4.401330480952514,3.3220966407402583,-0.5064097804285557,-8.971528528301802,8.28524811724583,-1.2640966496961656,2
9.942773713934788,-3.306441364656554,-7.054114783842611,-7.1012625038028965,-0.17673091694453943,9.223312104430622,5.842204626267169,-3.895697469692343,1.1028170998082505,0.05227701241713112,-2.850020973220249,-4.6912833549781885,-9.058295700101837,8.89009351117089,-6.795936464238604,1.3771308583963928,2.7361738644620743,-5.491201158949557,0.20242279686848136,1.0127102941462385,3
8.029093060801173,1.2932821731803714,-2.7900645948330682,0.8562532880026454,4.798086646949597,-7.362625453689631,8.331722985579551,4.746914981435886,-5.314536797853192,4.705469432680094,-0.48882401619534577,4.64398676521104,-10.480640208439558,0.7517888608397152,6.159960418829283,-7.78020528929982,3.746343788826749,4.299598679173777,-6.399236444282811,9.27438408227116,6
-2.580919430327689,4.394889855069191,2.1208926196484494,-1.610290630421627,3.3617689248560234,-6.689638895422517,4.8902530065752705,5.208621632922845,-5.969011967933242,-7.547169310204947,6.180476706824672,-0.6284863259694806,-5.51987799031086,9.08199285611396,0.31114625498423654,-2.4267744644014617,3.873152137582066,8.995835753366803,1.4889654485541397,-0.5485821432365339,1
-3.298922808259107,7.975578283925783,6.693010623664744,4.469166600003588,7.034434515895694,-8.540299415558831,0.008483247023101326,-9.730381659769119,1.909226440685693,6.335497748255562,-2.9072306531689396,-9.903754761257208,-6.939456368298313,5.1352675518966935,-2.015211470810441,7.837798009033922,7.498694010058328,-5.1133628243355975,0.461245895197558,-0.325891430800735,0
4.70289235000917,2.506140112133027,3.1934614652255515,4.450591073559005,8.863576009882488,-5.979534149273577,-7.029110332272525,-2.083284197841828,8.931333557633046,-8.025409481885287,2.9557633209113288,-4.840014420342114,4.7782777714212274,-2.418650650941387,4.428980559914587,1.3092792924072898,-0.32780976421326513,-7.8822778358067165,8.229841227575239,-1.2132447033195262,2
-7.310880061516263,9.878213641995547,2.4946383827984544,-4.240176668682715,-6.659683514415325,-9.482914993312454,-2.0171994088085894,-5.113417626783615,4.9975955099126095,0.08875333896783377,8.005916033969429,-10.255339366999301,-8.889180500389381,-8.245764893641065,-1.1829651483347958,3.312903565492424,-0.33763440198750694,2.124966503358589,12.623958663610273,2.347833680897861,4
0.1487693187609224,2.474169609514238,-5.2482985919982665,1.9473221560779619,8.854773401866852,-7.229654059822435,-6.322023028129975,-0.11840374905659523,1.8512743484494916,2.4936222911417896,-0.6236889392612366,-8.902666013459077,-9.129956203320672,7.339122632045116,5.933874755455335,-2.888397303900552,-2.9237145772838637,8.602035491954322,6.067292387023198,-7.1524221132102825,7
4.281796301097059,1.7930128095156677,1.7536879164095387,4.003596062399876,8.170964124863772,-5.5500611874986845,-6.520295249929102,-0.4184199204718717,7.714753233822375,-6.50269996209206,5.171162515450504,-5.32363626308309,1.6696275394375208,-4.295435843515587,4.835833243501118,4.155474296847514,1.295482271005378,-8.3983845721396,9.342730121432007,-1.544341963366268,2
4.198365604282903,1.695708362519943,3.670576981365106,3.28638053407752,9.404854331088014,-5.352161726755279,-6.037523617236408,-2.7725023897360215,8.253072284448352,-8.064000428471509,4.940852567417467,-4.042729465293135,4.141360715916628,-3.410832965211874,3.9745868649924163,2.466584476531706,-0.960329079056575,-7.3774905683281995,7.506478491704895,-1.3675090188374672,2
-1.4116018826317587,3.010807369212632,-6.1909474825391335,2.699450402782194,9.311885907956418,-7.476694199378326,-7.304238924973659,0.9009897715441063,5.5261480742282085,1.206442822238739,1.078084546982308,-8.83279497668642,-8.482361438693864,5.514114289009828,5.215711204417796,-3.0991835233322322,0.4419467337462799,9.195367736416177,5.399882901273017,-7.359005981547249,7
3.8710005711154105,3.5516132104261637,2.516550149542657,2.6035969229280105,7.959338536875093,-5.0141118617968,-6.520256090401714,-2.07030584061022,7.639347517687199,-6.285520412841829,3.11020051850286,-3.8653515284115394,3.0061024585663723,-3.4573973091368946,4.7036186205507295,2.5164310750377887,0.8466228347843134,-7.845173982919662,8.363695022766363,-1.2434717657750787,2
-0.7270803106619603,2.583654806529611,-6.442044943202843,3.311888724779461,7.261038973893078,-7.382068051014899,-5.764895430069932,1.8705629213364168,3.830079886337359,1.6454270288037354,-0.6516986899551723,-8.687824907136573,-8.884710455020606,7.518865461998133,7.00730185216854,-3.6137357842637585,1.7569954692467462,9.657273948196,3.098174432710286,-6.934704838273616,7
0.9086581956594115,2.5833969698056687,-7.799370592698783,1.9733316543639061,9.29739492305075,-7.425087425508282,-6.67225678875811,3.903614111595161,3.5857951316055714,2.27261695986775,-2.216043868783494,-7.277199015553974,-9.306462419841296,5.888565848044651,6.173776403054929,-3.122059983294359,0.7755582608526546,10.081355073599392,4.938711941892798,-9.627742038001067,7
-1.0992193530936611,3.041999331511893,-8.032063138924524,3.881195954514345,8.638542106487073,-6.988067209140757,-6.780198643691368,3.01912372356781,3.989306906093176,0.6966133600072462,-1.234823065248519,-8.45676268823595,-10.00914848808946,6.502759857121333,6.645462704680129,-6.491026309770045,-1.2755406095067539,9.643766578902772,4.814508030491641,-8.087697892086643,7
4.451719746739722,4.048498368100558,3.1610333737827814,2.8852185937647907,9.763856806662679,-4.90654405860116,-4.90858885915506,-3.3901554513919665,7.998902781822115,-7.396471004423195,3.7872300014123677,-4.22375184453974,2.1864026276461876,-3.916993093053229,4.73696129132401,0.006341729245373573,-0.0235721259156505,-8.222635271356488,7.803241558691765,0.05087558969763445,2
-3.3651202349614944,8.53817457432139,7.851628963124789,6.470599748239566,6.674894138389234,-6.594488902520464,0.8104359254575442,-10.368814544144657,2.0708419240164084,6.996466145123514,-3.697015634285285,-10.533732449281874,-6.826730267969359,3.8005644787699806,0.2906910724803795,6.95871886303329,7.312636980810274,-4.812205929751199,-0.05637004122321748,-2.8166076194952847,0
-3.787503676467431,9.570604431235365,3.997326682097798,-2.2205917336751537,-7.602349313249091,-8.215336573083961,-1.8395030876987686,-4.124413759559852,5.916114012037744,-1.8579430994495083,9.893373619807635,-9.930769669554033,-5.927610707012722,-7.577609443890137,-1.613331630176496,1.490675902975692,-0.4532905267306995,1.3680283405404283,9.998534190614723,-1.018457646009224,4
0.3326196249573176,2.782482116582022,-7.026229743100498,2.0469206506591493,9.36534405387707,-8.562307433862271,-6.713296210086519,0.7867094193576483,4.929905322577944,3.2271183987164496,-0.41293117937403173,-8.074826953595268,-8.415971728072405,4.407732160852133,5.483199010202181,-4.322152082714563,0.3290059507423323,12.91953240252155,3.7786732664359155,-10.121340769931567,7
-4.452497369107028,8.725738847085161,3.1387562793767865,-3.802057866907121,-6.802732483262401,-10.502629141164482,-2.368543972694893,-5.780852971659579,6.844536626404785,-0.8462130136050776,10.829747805279663,-8.725921162544147,-7.083634559918977,-9.628662448904489,0.00417043905715242,2.001775051480421,-0.6426768619700505,1.5727539500455852,10.400917892395439,2.199990401245103,4
-6.419735267353223,-5.4774049488964955,0.5464939405759297,-9.778911372025927,-11.148141090193853,-10.730124929227113,-5.178632237603109,-2.638407268289885,-8.730864854915769,4.294807733738709,-4.518138948271434,2.9077017984978344,0.70421244270173,-7.518902853617102,9.11427355980012,3.2265849237222346,-5.660217021797291,8.25355637924486,11.603426478717564,-8.499039641536895,5
0.13148773936826405,2.752293565670197,-6.855060957619365,3.8975439695625296,9.570706354661775,-3.8234903789237245,-4.756713454567967,1.5049308288696133,3.9293749409301717,1.86266057584513,0.7342174064717624,-7.052973352519015,-8.658687150070016,5.354251044077927,6.306277717976543,-1.754856067690307,0.3360983621699333,8.09738024114341,3.997160594360975,-6.604702626209681,7
-6.731267203230839,10.393518269226917,5.052145916974342,-2.7161782155276732,-8.008019388794882,-8.327536396994585,-2.4838975217769033,-2.8267944547620414,5.5072876400419934,-0.4010666447916436,8.378324750710672,-9.989556030959914,-5.983388407656858,-7.843198483845092,-1.5995568846660264,1.4276265067241236,-1.0028586536438966,1.6985172245310998,9.906732370041214,2.6383330887718,4
-8.235915216552717,10.254121352966294,3.0906504855862225,-3.2377536033079166,-7.139058798712265,-8.231968984743755,-2.0618514681255196,-5.472787158914976,6.6790494311682185,-0.19582504841459958,10.39607073999724,-7.488474721606653,-6.499740767999473,-9.081975716688724,-1.358143905041628,1.999739272330597,-0.3731488154195366,1.1964131935506919,9.542899226201559,3.805979885882044,4
-6.128882153729901,8.953638696141331,6.345385572884621,4.742825133818716,6.55204967188617,-9.358117794898066,1.3126520517736084,-8.57046226414234,4.288688906616341,6.041206740510767,-4.142577175899341,-11.009706117500409,-5.9505442020122565,4.64582647733929,-1.5039558451938655,8.240583935915751,11.530929825108927,-4.4972976146446975,-1.561866433476422,-4.479752143689772,0
7.076665881533266,1.5036772610032803,-2.485355700584818,-0.2727911352864748,5.438868362928336,-6.700922239334864,8.612131983998044,4.682551241907708,-4.90133059386834,5.264385892519245,0.4494262724316373,5.083888258740748,-9.004244525211059,-0.04611074890680844,6.96243453860961,-7.7222146088091295,4.398581085195215,7.326625838083382,-5.601886936185711,8.964195286133688,6
-3.7251422278002106,9.577339452551465,2.6250445492936354,-2.7673870218381524,-7.566812668513495,-6.558058319684769,-4.370474820601073,-4.643459030474995,6.142238022750233,-1.2520738567570266,10.743192290990748,-8.827385388027306,-6.578497475119785,-8.946296097820625,-1.8256095979044942,2.4286184184630963,1.1154566970694377,0.10703925874465403,9.39019492646739,1.6336282988823583,4
9.707647773116651,-5.759074280607357,-8.962065844168295,-8.222905789076924,0.4957997734025339,7.680426663900078,7.756451863051437,-4.46576451446092,-0.7069904312721511,-0.34981475794482464,-1.902703800599575,-4.835648871986415,-4.566994973946001,10.028825031039725,-6.620721713802781,1.9250361988265163,4.158376733035197,-5.745000245569503,-0.6401506391021752,0.06186910627758313,3
-4.07575757016426,9.624666808796345,2.124259794109059,-4.4273344577886204,-8.581675792429094,-7.691184514674024,-4.2826963835822145,-4.967544153575741,5.195884780185802,0.07409176940857332,9.688675366182833,-7.039572394949155,-4.366162671363192,-8.449321499800506,-1.3642300040502453,1.9890837431036272,1.7101212343079757,1.761887596470907,9.85278426206612,3.535407905152417,4
3.5935527830416394,3.181447203235434,2.6862648213044134,3.3622883416939566,8.058789121169093,-5.017961893648374,-7.244609931997496,-0.3693816929062941,9.959987046885535,-7.578649611014666,1.5862216858647213,-3.1884620068099943,3.5706111193988326,-3.7870361385711138,4.455975596384551,1.8587491266356853,0.3152340960507324,-6.650537269338583,7.37517641159434,0.0738240000323791,2
5.036359763850651,3.4157848139297107,2.6058833735479876,1.2815695031856076,8.726778567365326,-4.692782668007445,-7.105519150372979,-1.9071525580804134,8.117190275477826,-7.959391797344983,2.7663806979396943,-2.9105208409759786,2.6660751147342205,-4.268346951419024,4.562796707396732,0.3702608400284797,2.0219535657494614,-9.637864158197727,8.223029496647396,-0.5373445394423827,2
-4.824183619849033,7.426233609736077,7.047364942532621,5.9252015646537695,5.373746202838778,-6.6460486137520896,2.4250868005550448,-9.65427060160034,2.1967557511256,6.181313462818229,-5.059416111606296,-9.912173812689804,-6.83809281735208,5.042847258758815,-2.2411829901389044,8.187341308427012,8.148390474346721,-3.473437766982779,-1.7567346898092207,-1.3299456884546492,0
8.590586704140902,-1.423556826400131,-7.3277155134199985,-8.356573410645385,-0.024489461443373217,10.186530651335389,7.247985538493669,-3.0524081697615575,-0.17386014026656643,2.057107775308755,-0.9011682395205494,-3.9655577673829683,-7.4211722915945995,7.886633515176953,-9.016376551029524,1.5741766970571283,3.4868570063495326,-6.155450242417347,-0.4813760128697614,-0.5222419589917278,3
-1.8623631135146177,0.9762056321021637,-6.964171249729198,2.547264243824275,6.6502626458408445,-9.160395604379657,-5.7821338962886095,0.22142473638610638,2.7387068226427114,3.3845119900339236,0.13294081103159514,-9.243240511633996,-7.391308456687504,4.957356632987942,5.702584509173802,-1.931525495087433,-0.8741242816727176,10.012131301129644,6.584872348625577,-8.593828424338232,7
-1.2523626949169144,4.76167344565859,0.3875819141192438,-2.6198400264394044,2.4821385160199916,-7.0876388402876085,3.900740568440152,7.342176041828147,-5.198032940363712,-4.715513723427465,7.761866309069243,0.6423563168505624,-5.714573472654743,7.5009871757820115,0.07091054768908578,-3.1282514879234666,4.312518307253431,8.48728509361151,0.028492002765879043,0.008855316969780425,1
0.2597681357489552,2.826746801325588,-6.927023424472425,1.451011324181904,6.763135402696927,-8.379609142027553,-5.320704076052232,0.057866571912978726,3.127101848456705,2.244300914968328,1.9940183778264182,-8.033412050297068,-9.311897666643633,7.147065932180727,6.123565039668867,-2.3340380657208177,0.4437204512360674,8.699691436698325,5.722950940336848,-7.820543053928231,7
-5.217291734895592,8.802510026761565,7.961805146183108,5.5730250297462565,5.623368020158744,-8.415151781570659,0.5133010529502082,-8.82418424531169,3.162386393466565,7.3136160758966975,-4.262026419019104,-10.121651757037798,-7.606957682314121,6.2264041882627765,-0.6338386163568556,8.159337814015398,9.359875770496462,-4.031180100453356,1.167087179800793,-2.8821808190326803,0
7.330986955570183,1.7685645002301817,-4.663996793000049,-1.120271870656775,4.446043691079279,-8.744855119346365,8.299942329233561,7.797958080413489,-6.373202651643173,3.688652209523049,0.07955938674760231,4.563685240576651,-9.402751752841908,1.9522857302443162,4.926658277220462,-8.105858530107025,3.7629428923291677,4.460506956769743,-4.519838298050106,8.18856412271952,6
-5.269203137486738,8.902205690596615,1.7822093066306965,-2.9681012806067457,-7.287429169665737,-8.776020319852647,-3.9672304033285264,-5.448056376859315,4.411723662616103,-1.0734512715740707,10.04207687471261,-9.558592575292378,-6.9249878533483225,-8.959914205091104,-1.5772527767040776,1.1935674507685257,1.0575585702818242,0.645656435479643,9.896491100226669,3.3291074193781793,4
9.851823159183255,0.8631073021628768,-4.597126021358893,-1.0800547261164188,5.25582545565135,-7.484926510953322,8.98728579001633,4.931854115177398,-5.204032238937561,5.673311567474437,1.5949361942131384,6.429633682963612,-8.822165836593204,1.062292176403869,6.820361091914706,-7.006506826056837,3.6586914864863105,4.959494973345656,-5.81779084699975,6.382079524099852,6
9.855725768932713,-1.4047053302093246,-6.055851013745539,-8.039296362754875,-0.5001964482374167,9.316531175958415,4.761032009115851,-3.73051744163115,-0.2685791122674152,-1.3601796132994175,-4.258552438800315,-4.109336594109127,-5.518214096442218,9.005941786857237,-6.716302232390526,1.7750930023936713,5.973060476962713,-5.654491086829076,1.9334753010375925,-1.1329252867293877,3
-5.787082271354723,-5.638166606716707,-0.132369137553117,-9.620622132886277,-9.797967851835999,-10.642484042946002,-3.2098729829873323,-4.994568864427275,-10.143618364854655,5.191006819834759,-5.277583276857792,4.609773029965564,1.6321440491084291,-7.446141169983097,10.000450935888958,6.18586467745398,-8.019363582368257,9.035645265222374,9.45382719664925,-7.164051321705236,5
-3.4012947004765945,7.329550793994088,8.088350124344196,5.763860343468246,5.4830395277652455,-6.955917754002416,0.8348027674075094,-8.50692598581229,2.392450189356789,5.469251005596629,-4.217152012209709,-9.38514849121749,-6.06563719325727,4.29317121561641,0.4427830537784978,7.997713061416143,9.118229602165663,-4.8654750543313,-0.5428795084048935,-3.1663016986971604,0
10.531597416874384,-3.5605060900751737,-7.452907322261293,-8.145966648229797,-0.7932676789859816,11.114874948645713,6.120673158117048,-3.484550262099998,0.863156011206257,-1.9731743086902551,-3.2121160093806957,-5.212893197913392,-5.311447087686119,7.239170133027611,-9.392318320093576,2.8492821690217025,2.6559948478218747,-7.557655088378104,1.131519417064236,-1.072869109742177,3
-1.771983397332836,6.406963239623876,1.2857787005529275,-0.6995877894519958,2.940709536200041,-5.738674939630732,4.440924299497878,7.227789667017564,-5.153361152520223,-5.927321457301589,6.594354825852046,-0.5253955282967563,-5.877120141140894,8.695497912453083,-0.7129912992683776,-1.7602262289605364,4.05771879966598,9.876211755216513,0.3922123651486027,-0.6313967172242712,1
-1.7273019337302744,3.8008411947029943,-6.130109070367938,1.7173920552373918,8.350883945432129,-7.15388983885278,-8.176086929710259,2.5089296520385145,4.819277356223953,1.4452153832565502,1.5824232553844495,-8.200620888646725,-11.276356512319602,5.192958354447052,5.069987754267094,-2.9745643651513896,1.2323188256525854,11.592258014388003,4.101788003385619,-7.948899539633812,7
9.647502350647319,0.07444820160413657,-1.9120625651821337,-0.8795060097484361,5.092112415985708,-8.087833742543667,9.481711720983785,4.958943996207293,-7.214887081623985,5.601294211415262,-0.10412788206119333,6.398244963369974,-8.210567965408714,1.3525199239521015,5.054399102920614,-7.537450599722078,2.3427552899686743,6.02340727116743,-4.112133959554208,7.302117086849664,6
8.452664556179762,-3.534180503244653,-8.078240118451301,-7.807887890124438,1.1856539214027324,8.714816543897966,6.0396323284664755,-4.078757738779698,0.7480933524976682,-1.1854848742026138,-2.134291085801932,-6.017537936865356,-7.066327942461166,10.48581343837668,-8.146223164200713,1.3745785818272096,3.3886620968263332,-7.746545687734556,0.49461434742968297,-0.990913731298449,3
4.412290079258062,3.5121825682802865,1.6739790973928839,4.348740930751202,8.511483090083685,-5.612893773019888,-6.138519124905245,-0.6826362200140315,9.222960400054898,-8.123161851391162,2.227011846607171,-3.521085179030826,3.4401344094611663,-3.4914625767175833,4.509172975778033,2.7554933975241416,1.8121050285596727,-6.665208996936013,9.545174442200416,-0.037239045314136854,2
-1.5019656071450558,4.018029705159449,0.9681214136957831,-0.734351760484235,2.5588128625307323,-6.567151623670549,3.8966010068322383,6.8105174100008155,-7.101631140855564,-6.05311676422602,8.223608704087969,-1.1803404159253006,-7.171457989605902,10.874300447249977,-1.8396502110206998,-3.6481171241609474,5.079639092439914,8.018543399129406,3.1666318926794896,-0.669879667982128,1
-0.17691801640722693,2.861596601353004,-4.7867021918103205,0.6786807252543308,8.167679911283836,-6.87277427516622,-6.928996055235545,0.7782229485875034,5.876740922085923,3.5932927182882852,-0.3688624485610974,-7.80061101824046,-8.701371625760217,7.620783825346368,6.877243970594527,-3.6136913796373555,0.14688503282196125,8.420764170210465,4.194545656814695,-9.382797622043467,7
-7.205007270974388,-5.777463484788808,0.5373565891099642,-9.896271628229961,-7.5552101994580525,-10.305172516331398,-4.017006178409719,-3.443770046420629,-11.103274272722738,6.599345855825368,-4.950154484441387,5.4031807159383245,0.17854918527430663,-7.723627776208156,8.769004784750251,3.4152810041523374,-7.799736436008932,8.795999435975862,9.329926801317276,-7.192542712625243,5
3.43200602577639,2.9384743597113743,1.692174690682645,3.469141001607076,7.999367245773962,-4.511829246989583,-7.719618646658938,-2.6329374138119945,10.042357317784495,-6.972710647680354,4.096735167786741,-4.356595306293774,2.5950007701944275,-3.956919787751853,5.586974214255581,2.882845139667738,0.3819919900141612,-9.388483545076777,6.6650945097469565,0.7108941398404569,2
9.74859974789565,-2.0426817066254497,-5.481049635735855,-7.981543206158107,-0.5458496170484683,8.447640818024531,6.17982496375495,-2.575659673909459,0.1061674677461095,0.8760168140526476,-2.9540208477130454,-6.121884153287462,-6.455047829258656,7.814472218002257,-6.0014147595438185,2.7480376178508474,4.676785213410501,-6.5087445518467835,-0.206011665319422,-0.357729655428802,3
-4.668257521521332,8.792116668381341,7.206942054671655,3.6628335981712943,4.102105391017377,-7.512054613345206,2.2352228680173583,-10.21370308457372,3.2042392136947697,6.133491175550615,-4.150177745678463,-9.909515263158845,-6.8505975251169335,5.007911723260112,-0.5007089885797713,8.094891466985818,7.63421910812264,-2.8088969870511167,0.5139226854488318,-2.4103297002911592,0
7.465061948069013,0.422844786505149,-3.8882639344475693,0.7855726566952266,4.761825911202806,-8.409867127967576,8.57624236916391,5.0631860677479565,-6.6886203030138915,6.356862479645792,1.4128878499257287,6.6393150012438005,-8.694588765081823,2.2114999920106246,4.926365577951028,-7.384545866622945,4.69924394047898,6.067716723686,-6.45992542328153,6.703821439001395,6
7.670971675324696,-0.1822738201088956,-3.327651069681506,0.13522842875856167,6.4488836361176425,-6.867515164149774,7.607939600015935,6.422788054773378,-6.058654315754512,4.093602996976593,-0.10472265655331439,6.480404433889522,-7.225188096932602,1.378701962636767,6.882965022184543,-6.468786946499373,3.773060506753807,5.669710693106344,-6.105710142295019,7.943001394050784,6
-6.207538082188294,-6.817989275905349,0.22349337373164213,-9.772413278630534,-9.150357912917935,-10.647479668985993,-3.269916413268505,-3.741811329519726,-8.977958481240044,5.595145855126404,-6.407981598135711,4.509030623277696,1.1463707196248705,-7.704571017966062,9.494577035272512,2.972202815494156,-7.947588092967095,6.921137133562988,9.180253969059136,-8.43232596859709,5
-3.554930972031948,8.594768108539158,7.052164839935216,5.14305015017416,5.883913728917262,-7.424785254249303,0.7531144360791385,-9.85703140181689,4.938765522070728,6.686791933230429,-4.83491215360608,-10.40036954756736,-7.923232406486477,5.664024063494677,0.13530726295508277,5.787425419242283,8.513513332337102,-3.011755258182469,-1.0563392143745192,-4.2764010842242195,0
-3.366885711476522,7.874353977072613,8.430990762043637,6.401488255967715,7.871374603797954,-6.825514441782715,-0.055257644135961126,-9.371267763105367,2.4202202470411276,5.247819444192817,-4.084368347609228,-8.226228196768165,-6.544346228983147,5.4904235561822246,-0.5333908888397254,6.970648161805346,9.570984859839864,-4.584471447335898,-0.27420129122950365,-4.907070174491981,0
-5.7415443943573825,-5.397861417200627,-1.9581106735997142,-7.145679950261974,-10.016585072317048,-9.789728600816716,-3.72248908016586,-4.496646875115289,-10.432232683646657,6.575063990913192,-3.5687662320531235,5.115014265786014,0.5815071813091475,-6.880994372589581,9.10825310472984,4.347866176192226,-4.917558554133805,8.460451889724702,8.92868031063692,-9.890794939675557,5
-4.576391453174917,10.694315446411755,2.991954801717345,-2.760127819957664,-8.902818938784144,-8.788989987196251,-4.223953674965875,-5.681504896903949,2.4693810600339257,-0.7420001126988965,10.448057921382418,-9.422270067783849,-7.13799584437423,-8.516588296140835,0.4566452775429568,0.20880941351120574,-0.07339522126290732,0.11451749355092322,8.708412428638418,4.721750507956871,4
1.3775030245144066,4.248369323419432,-8.322045710522287,2.658666520063273,7.894217585301916,-8.202094103030111,-6.9111492590320776,0.2565984096085252,4.63045947531135,1.0516553890751885,0.6044902533825776,-10.791671264243075,-9.784805159411375,6.692469900168488,8.554787555791464,-3.2928714241873758,-0.5466060775116547,8.420637567190521,5.513437796307548,-7.710267368518549,7
-4.162380977988278,11.038812663020252,3.0582621822498095,-1.4697611021708006,-9.378042567472914,-8.52248513583399,-2.4643890339993506,-5.207962163875475,5.878443612686969,-2.6563315132220646,9.915916310265436,-8.87863201255683,-6.6610430467735045,-9.182556236638183,-0.6841033902372587,1.071592665739096,1.060577299775963,1.2970935323527895,11.085072294733942,3.4221106464198274,4
6.871451631075511,4.520587375064085,4.271479824495158,2.4908817846827733,8.117280880458864,-4.759570945156961,-7.917300467155908,-0.8460398784420661,8.286468197251562,-6.108942512695247,2.6078407393372474,-3.9564558918116344,2.901459090471299,-3.3923458142335585,4.643941725760715,3.2873584046962256,1.4079492129462912,-6.405931304904923,8.094788610203748,-1.7421220699510938,2
-4.470741738394887,9.31393193825192,8.171433647890604,5.759361690941388,5.365742250834087,-8.885501319860634,1.7953709500727548,-10.56369076071286,4.10531942633026,7.890694316183211,-3.769890656693573,-10.300957298264466,-5.8424405940816335,4.909031883050994,-0.29625471318419255,8.640202504232176,7.999595867235714,-3.5557035190930795,0.8759479786785092,-3.6617343082801272,0
-0.24853954021275532,2.307455640203336,-8.082738426611208,4.924186079233328,8.78819079961086,-8.105925188380287,-7.38082335341219,1.378779025434447,1.5127269789583146,3.7298679990698753,-0.22728131525667106,-8.776475297642113,-9.427228082518866,6.93125835646146,6.953974797937876,-3.4542694072281446,1.0659655282128204,9.267107664506819,3.0746415019781983,-9.554646607628422,7
7.593114210997847,2.6151794149009326,-3.286162305291956,-1.4875085705976017,4.68727558334675,-8.979038643262768,8.176566647669995,4.711183536084395,-4.908477261135584,6.49759627566662,0.6944117480055921,6.11309694917419,-7.74052592171983,0.493884448439072,5.987648153477668,-8.368366539323555,3.7078250186036303,6.086402180697446,-5.048240714735742,9.019655656443854,6
6.630720347263773,1.643511454268012,-2.823716464195461,0.1059199162649479,6.640980249099279,-5.878825706735537,7.487711316691685,4.56045764041691,-7.034069786654433,4.401628975896772,-0.3026108449206018,5.0352745934814225,-9.03747667920281,-0.02107056846609945,5.937678706152044,-5.708008402149273,1.8675911097776807,6.59659849599301,-3.345863555102753,7.584867163938641,6
-2.19107602174811,3.2326003942952495,0.155810387602344,-1.1807369591998635,2.550669941270033,-6.4038822966864934,5.011277255723815,5.696886394964139,-5.6914386641239165,-6.582231257872854,7.755270788296052,-0.40026019610380603,-6.688680679954651,7.994066191157025,-0.6599248609395933,-4.019496208841828,3.8351585868698557,9.581886971187608,1.608335347432213,0.8175568680089769,1
-3.943342384405918,9.858812576710907,7.868103034755334,4.936095164687418,7.73440617420707,-9.292458358064527,1.859339366186373,-9.752029245441314,0.6273011792723768,7.06044687598226,-4.20761474721228,-10.00721397476815,-7.569947558238409,4.429431640845716,0.5532293465250919,8.495159341269275,10.518615098152443,-4.015857977308733,-1.5743916764222061,-3.48110325141983,0
-6.107401734245194,-5.902740531151685,-1.2984624965864784,-8.827672973026429,-8.639784793274629,-8.724926463109231,-2.6698277514903124,-4.583845822036915,-9.672348512230167,6.460604174514254,-4.301997352747354,4.319901425297496,0.5437818371945937,-7.860100184223517,8.312879345194135,3.8115270009932356,-10.03842439282419,7.482714779886109,10.882463917847126,-7.202119500639125,5
-7.346689306060638,-5.388059342363344,0.7664307059870075,-8.550903252608412,-8.1146445439671,-9.169434705888893,-2.583410683943768,-3.9259844656263527,-8.713916962518914,3.820300185090572,-7.565514000760827,4.209461154448206,2.7528720055854223,-5.662767347407804,9.268298950338338,3.561694495341068,-7.811735073140745,6.256204348976089,8.85146574555874,-7.594975129158826,5
-4.592822306256785,9.578774975496536,2.8579705012824537,-3.744757957748823,-5.797195846386463,-8.781610328722973,-3.2370424084057037,-5.243827513111766,5.450353384303992,-0.3880165820549407,10.27115534571182,-9.309533714188808,-4.684051631977459,-8.438147719843961,-2.5481634880792154,1.5255568256825527,0.9353605753620974,1.3536612415714393,9.980281399521555,3.2501191669173526,4
-6.260210596333714,9.704626303830008,7.730689260647544,4.872109466066837,5.924757980259134,-7.1708728631930025,0.9987845601946831,-9.384145165952482,1.0828291067363922,8.506977275820987,-4.170553674722208,-8.848235146080064,-5.650588465376812,3.9654043308791973,-0.4998589495069017,8.306910014107087,8.723678650455549,-2.9314914957258735,-0.1767125457704134,-3.658486777113309,0
-1.5606424745414227,8.364928111745673,6.705687381657907,5.0594948119578635,7.106935735476984,-6.595442562910737,-0.2023011773854555,-7.477040154649075,2.1080609678412077,7.40315776592384,-4.280797658958183,-9.688025502739732,-8.260190344630814,4.523400323486303,1.4695270329991224,7.375118719419521,9.042378888615653,-4.4351202653421105,-1.928297880846179,-3.143868764381348,0
4.831849769558213,3.4204129294386845,2.3417673014944644,3.8010728665727993,8.625981566982317,-3.4677234241362873,-7.555486594130626,-0.6366172290591773,10.04351113477041,-6.361947581375189,3.9265929971149243,-5.63061829852695,1.055649170107099,-3.6979509901653853,5.912385033936703,-1.4504976226168194,0.4949148716227953,-7.743933905902604,8.78014520138029,-0.6022489991421421,2
-3.428645381626172,3.4257719429991376,0.12456950154279656,-3.209323354788565,3.2124158752576446,-7.590840363633532,4.025340596591372,5.6570548952211,-4.607203724020579,-6.116573163782483,5.869378740088522,-1.8973425595233566,-7.028658531721937,9.885707359668638,-0.5097324859049938,-0.6385971673859943,1.9842682741154183,9.186486842327787,1.6368376859104636,-1.692279636522397,1
-1.196537402501685,2.1111017077665855,-6.2269024150686665,2.4477969909775554,9.400846456140737,-8.768253044192658,-4.868652000465917,1.087096793450811,3.0223357772693342,4.163915551521862,0.46382532303042834,-8.844277516313745,-9.07825152839334,6.2029462998851255,6.829135799751304,-4.042429480437589,-1.0986333029766575,6.504409991010666,2.6687832566828487,-8.670791201533593,7
-5.6706486194032095,8.019493238790176,5.690401797350553,5.008095612480209,6.861372747490384,-6.956627975062632,1.5330128234205331,-10.10468402118495,4.41043355295531,6.942848163273402,-3.6756436972001856,-8.545255204558854,-5.866118867025795,4.127951147071701,0.43813472942057596,8.456070569579362,6.633584987118706,-3.3955678835035066,-0.3655953841653716,-3.1889454411701017,0
-6.6025246370944695,-5.578069737597647,-0.6950452156336205,-8.708336899748355,-7.504331186778295,-9.875403787781012,-3.6582619256769338,-3.869810121765423,-10.379900120499402,6.567047791751643,-6.562214074123473,5.179256704030457,4.061676028410862,-9.69830951368955,8.661811494181718,4.741702517729074,-8.002995522857198,6.852867765597511,9.88900473992508,-8.48146132703383,5
8.612283812437301,-2.3298444985249356,-9.195032686499644,-8.17645798018019,0.6796081070921722,10.781633498192269,7.07150665027816,-4.797951972964099,0.4760792849455592,-0.49814717406061054,-2.445934561164893,-3.9348244231003204,-5.475521847888915,9.191030589209253,-7.43120171310394,0.7505291035408597,5.599468143830153,-5.575622223506474,0.8909801463517851,-2.1969052940923204,3
-3.9122452472006817,7.3837370307634895,6.896434288289431,5.412885572701755,7.489652358766261,-7.329032128313728,1.9045914661723193,-8.670410387658231,1.5222932501227733,5.864324651740374,-3.4453581969707066,-10.48490831149694,-6.978440214446163,3.7631753579757543,-0.7580300383800647,7.3200602393654295,10.610547518629357,-5.358601072548476,-0.19990033059974555,-3.388591486102989,0
-1.497647316495421,3.7435490331444035,0.89867483062358,-1.6687188449570127,3.2862109521872105,-9.65614618881746,4.728078542257126,6.693522500156579,-4.445659305402072,-7.935686321421578,7.115670818272628,-2.3024121097374035,-5.076783397838408,10.28251850534151,-1.3650144787537064,-4.222753414223572,2.103724067412909,9.605800539062619,2.920409084617784,-0.6018948791234549,1
8.5373360246461,3.7547887935101545,1.882986330163417,1.629602123973153,7.265351316599337,-3.5759988899516237,-7.887836713190819,0.4021723613271564,8.327075464613506,-7.402722986071281,3.4823191590743354,-4.57859249352637,2.9117301226920307,-3.5850302500477316,5.302385798377856,2.406381599095093,0.36094793908943246,-8.035388286849726,8.11151730139192,-2.4389815277845535,2
-4.8106748974020395,8.387177840299524,3.1458834738407435,-4.264491679149637,-7.87527562465401,-9.687368238090256,-4.393879899553243,-4.978084639785519,7.894252495911826,-0.5382211373824906,10.7588006037668,-9.664574761958898,-3.9332342678293055,-8.962692589745737,-0.5111962650972885,1.9584681810476123,-1.3408692428079922,1.0616521736168574,8.803656850619802,3.217648276307602,4
4.45286704499005,2.802792650368933,3.70656262912029,2.1028962014650094,8.99068276766125,-4.393378189258968,-7.11452163892765,-2.3985914815463127,10.142722140638485,-6.8124543936420245,2.9433689088354273,-5.737378458958279,2.691426788912271,-4.122003858042955,3.5629740271461814,1.1003135604435643,1.3570126116832437,-6.768205374925762,8.977352450374388,-0.14379327844392065,2
9.691810444030883,-3.925089566183921,-7.483545768495528,-6.453720624639217,-1.6579344340560238,8.207764608834594,6.503080035587478,-5.4347290841086355,-0.13763775640262527,-0.6361605604357192,-5.766196073596301,-6.355762363968838,-5.0848472701676695,8.392330149790988,-9.167400352440406,2.3243581250916376,2.89657166691857,-7.157103153879789,-1.2147493913000382,-0.3469595064288903,3
0.5796396283360356,2.598752195827734,-7.837869211808169,1.13656541694346,9.161972340038394,-9.755148807548103,-7.009544019274577,1.1126598127661058,3.2983985545011842,1.1799457721360633,-0.816623241729142,-7.961068917293605,-7.6941650904939785,7.654404450461431,5.9379296567396285,-3.1020716428977293,-0.5386992660165398,8.30929015044083,4.161224085563466,-7.249134280807718,7
-3.6186970513119707,11.256034934221848,3.4261338111226554,-2.6463252083625415,-6.54653466318762,-8.46321733553753,-4.389646875597377,-5.518671241195898,7.659641357375241,0.04912812352237339,9.686902655365126,-10.302793342272741,-6.5959659483513375,-6.753989041082283,-0.2876982328310712,0.9733015513776428,0.7675662889842448,0.8964955019025819,7.396867699164834,3.4461466436628467,4
-1.3897874209370449,3.4752749798988485,1.191473320163453,0.5011991986134898,2.250739762602086,-7.266570446758512,5.054763216076219,6.306587004873528,-6.225591260938845,-5.965692276086534,7.15340862131313,-3.856435323440611,-4.647362801688058,10.37805964108537,-1.9086747715497143,-4.668315311994261,3.9679725055946866,7.720016242808634,0.8922043102895437,-0.7792548145035498,1
7.943098142846743,-4.280733489534568,-8.45637586065181,-8.025794981117182,-0.9413482238952482,8.33821152059925,6.276544866058017,-6.387922491361978,1.6366887226775464,-0.8450524745752694,-2.537929365567361,-4.7954424001377625,-4.839726333441894,9.339055818449724,-7.180482989898106,1.3159517889607697,5.402479547237112,-7.576123758371647,0.309059907214414,0.6962228706265625,3
8.994108884270656,0.5923653446563587,-3.4148194073785128,-1.1609483247471621,3.7060804115946504,-7.957852288363428,6.190759445801745,5.632269548688078,-5.693541804088835,3.2172669187248477,0.08336057891219076,5.011997346995754,-10.575936760518278,-0.3681716826336807,6.738889909088141,-9.188355768244461,4.559731280711015,6.157078570464775,-5.620081343517064,9.164764194067486,6
-2.9951076173257443,9.210848779875846,5.741985954066684,4.373988119785052,7.200973730937189,-8.137243036716713,1.627552814229992,-10.441824325522663,3.461003256530521,7.354239633750407,-4.095505489503235,-8.563655488943958,-3.674215136961544,3.5798794519757076,0.2547676075522398,9.443286591808908,9.182557990814308,-4.284996407045743,-2.0532046665949597,-4.045478493891505,0
8.037552558459867,1.0509751540957022,-5.3025098734598854,-0.8924670573361129,7.716726174215646,-7.399980740015268,9.790596872751129,6.026637183815042,-5.7016481194881266,4.918221042345588,1.4356797487161954,8.218184744063873,-8.873890849410081,1.8432927498190006,6.280319844537474,-7.354654930344429,3.6697882077788746,6.232805071456701,-4.986983567999905,6.891100220422278,6
-2.003562359702329,3.5488389628184023,-6.10767278807738,2.4408066296693853,9.141766655263401,-8.549650421407057,-8.93531977840481,3.581372207759471,4.669267266849286,0.4626846300634626,-0.31886951057407253,-8.394028698544883,-8.966515253267161,8.613586467915459,7.179405320451875,-4.321033136419576,-0.11834854478071571,11.595016604414162,3.29655615993589,-8.196812716751877,7
-3.3593141669592894,4.022896656033627,0.23261760074163662,-1.2017143647931159,0.8916004363365959,-5.333555377995668,5.434909390557396,5.2520844757508165,-5.262468383245032,-5.083706080389417,6.9885973185640164,0.10893561271050878,-5.76406416082661,10.482482388591594,1.424274208688462,-2.198383525479134,5.0083248142564605,8.612123170901782,1.6619456300900954,-1.4729669161944443,1
-1.996410412439561,4.454012807313357,1.169949291697444,-1.1172577872895628,2.1341058689136334,-5.593697558407209,3.5086597213904605,8.758651167441062,-6.190304888817479,-6.19454405016105,6.115335793643459,-1.5755894599710203,-3.6319897914210584,9.220110689305791,0.1210481736054525,-1.4316563114385688,2.3209356198046756,7.279231851820819,1.8631604746754513,0.26304241627999936,1
-5.180548023671247,10.375763457347672,6.487798561280554,6.9413574134440825,7.315634971582831,-6.656572427208783,2.728246236666613,-8.835605482280036,1.7834731845089618,7.955730436953537,-4.499057224172805,-8.507997521246615,-5.941549543898542,4.3272839747100384,1.286938878663684,9.353343016006841,8.735959495968977,-3.829718007217227,-1.9902612597236338,-1.471941072552798,0
-7.870364730575517,-6.47628937527991,-0.3729203790365248,-9.963503394120117,-9.46495662303192,-8.4879153613297,-1.9524707331034157,-4.010454883812157,-8.776221458504887,5.908445524141661,-4.888915318594358,2.3830271394976834,0.8785605721104786,-7.924733508373858,7.900464849844458,1.7303292154533274,-7.930945052248572,7.080329971781338,9.10193529506824,-9.152184616682183,5
7.842060874945941,-3.29992193558928,-6.507460373589549,-7.0213859625050965,0.8776062754357197,9.495673697152386,7.9012562911733095,-2.6007099952776493,0.4584816377339492,-1.8022893436094465,-2.8891717907972145,-3.432907749019294,-5.598899564002983,8.569805246913473,-6.869386587968257,0.9472864305905094,4.171260322320744,-7.559550650262541,-0.04274011536055783,0.3501892594895004,3
9.991049530033322,-2.4947278160298967,-6.964831810614319,-7.903650373381047,-0.5013472491950618,9.394836518459163,4.936996211771203,-3.18685735561753,0.2629213736101226,-1.27288505514647,-2.3654006893420814,-5.760299862671296,-6.297589355931349,9.194278452349284,-9.096599838065437,2.2785091259679184,4.961302330302958,-6.159166558219706,0.3289680778911368,0.35424644995893084,3
-5.7138856310353345,10.9431609747466,3.8371433971439743,-2.0507782902586422,-8.418974967762866,-9.067316216132232,-5.158683413725116,-3.2718201197968373,8.797994332941705,-3.1808807787520053,7.76929843893223,-10.652356356789792,-5.1876342677348415,-9.522337549182472,-1.644574005770116,2.1222571353266275,1.3086341500706498,-0.03624966968741239,9.349943202812279,2.2484107435405165,4
-3.156028449524353,9.405759525151192,8.50399958789256,4.9653943611744324,5.28416585770919,-7.996130928126192,2.5790110937853234,-10.649544127786756,2.097899020727133,6.420195156296516,-4.732833412711295,-9.308388592174069,-7.872622267637038,3.4983324588929516,-1.919002542210453,7.000623585998705,10.336796694649207,-2.8389825455826583,-0.4063334784006616,-2.164474634000202,0
-5.749933990680615,-6.985179145486195,-0.5914892304149446,-9.112105053696327,-9.409059700842828,-9.282313757679011,-3.8092320821371644,-4.218576502826604,-9.556521195977966,6.0376557397673745,-4.360469350801508,4.141531023468901,0.19921734040557793,-8.28787458715529,9.378615891071375,4.8225640376044945,-7.6539902584604045,7.1790790923180525,8.553237996006459,-7.342941314507753,5
10.687756081831154,-4.3514487752827185,-6.6705322019744235,-8.104584277126447,-1.784287136504422,8.657423472338104,5.889347031374655,-5.053837055916604,-0.42102812421217706,-0.9457046850606521,-2.779046547328474,-6.7401593448274335,-6.10697353899828,11.23433131536137,-8.129308357930428,1.2031786606563708,4.619710046310718,-5.304458276911864,0.7829824577052477,-1.7862947216590657,3
5.799283198622467,3.58985129729956,2.5174404264593244,5.481661923027765,9.143230670502774,-3.9809596720385976,-7.168756011584454,-0.15002475246928437,10.67117514231534,-5.6119663269369475,1.8080811344325578,-5.7510020941206825,2.2679947711683695,-4.42133473180657,4.745296053097827,1.6522598011335,-0.14161430233663008,-6.8468373837706675,9.655623989396158,-1.869479638867682,2
-7.474825897673614,-6.993048900821043,1.189197849623937,-7.924118029776513,-9.557238219216963,-9.75004749226745,-4.339815531513948,-4.236363271092131,-10.096687997476705,6.6931621350333765,-4.858578852764753,5.987878171969502,-0.7862114369189546,-8.400066038290237,8.484579146932898,7.553547903428689,-6.844505355066718,8.543895134509926,8.521325092925837,-6.727043215274749,5
-0.6369157632928323,2.6533550381297877,-8.1513622982901,2.7734350836637693,8.732231984094907,-8.608069314023634,-6.218724596648452,0.548750523641633,5.800545535772744,4.217282224448267,0.6490194161434164,-8.990617096204614,-8.660763515788995,6.182901817958807,5.172101257227729,-5.195505061929141,-1.8190033096916487,9.874528182033014,2.7626416164742613,-6.612446097825931,7
-4.519774854779946,-5.231356425574287,0.12434420003451453,-8.997708844202943,-8.474643069762822,-7.424608335775545,-2.373934968293895,-4.518423641729379,-8.739387644671737,6.575521064464196,-4.882040918193484,4.014037347033632,1.4622238680859674,-8.932434247353193,9.924714062375674,4.415290586523628,-8.255764986150036,8.137084444993327,7.981879103538892,-6.889719277738056,5
4.736586326597854,2.8964029553238544,2.097868737627407,3.2659565215501156,8.147137352018145,-6.28645368499707,-5.094712159017021,-1.632953505312505,7.507396469544011,-7.445019925086802,3.234578010940603,-6.270520103864816,3.5753396735797356,-5.703120293305497,1.969687307752538,2.03308462649455,1.953161918920614,-9.143298921336129,7.657797368903407,-0.34705320310906956,2
-3.369336578308046,10.54782459345467,2.192432700516019,-4.086326290483727,-6.857194079475211,-10.65315027102497,-4.880134508033572,-4.465747764058123,4.55226761709065,0.4973990710232372,9.076117643549335,-10.080184523448347,-6.504601657405544,-8.431350701203597,-0.9948357815313064,1.3621450075293957,1.7168918635518047,0.388243212196435,11.47377835607672,2.6975369237946043,4
-5.434471265024712,-7.220306809231705,0.6856798669093531,-8.33689390110979,-8.448752595452484,-10.342482860401773,-4.665232395861871,-4.316954475448988,-7.928744001969393,6.058398439347409,-6.2641134523751045,4.550282709750899,-0.7396424649259528,-7.230503881863529,9.621023731177127,5.228432533996985,-7.2552503159980555,8.588892521286859,8.566325049609055,-7.358649733026517,5
-6.110159643531701,-6.979344568160674,0.05414449679312564,-9.958971118066373,-9.752935233337825,-6.91623827403826,-4.406807255000944,-4.037151159972881,-9.14768226087754,4.542636756902265,-3.904028830743165,4.028464294052284,4.447814999415968,-7.391083100568615,7.862563981933673,4.973568585131075,-6.400043888275152,8.26790816354376,8.182981585740336,-7.819317992527953,5
7.9206070283503704,0.9528772430832564,-3.7617965738582453,-0.9959927010496862,4.671252209773132,-5.7721070442980595,8.166877395343356,5.497133844875229,-5.697157213698628,4.475994879085208,0.9134555627186243,6.588178742839615,-7.961404548196915,1.3838270485247683,5.393139951124567,-5.917615587742524,0.8348888923760716,5.486560412381534,-5.000347146477473,8.566157119138795,6
4.692703708693749,3.488453926619226,0.9241580589036185,1.6727822169432303,9.614104640543117,-4.934901449525701,-7.101427347907556,0.7546602670318565,9.169869004036789,-7.287794685757161,3.0292261497882205,-3.9534482331102163,2.8713111065891845,-3.820680783121759,2.8479190950984106,1.9241325768137725,0.17115311319248983,-11.217406577989346,10.498989160000445,1.5527219566039372,2
3.945384537071118,1.259132342391767,3.006950148693649,1.441026112762601,9.422694686543093,-6.134610661324482,-7.542752449514576,-0.7979106093769825,9.920047805526925,-5.918398096327957,3.7571672330996178,-4.4867419539901565,2.7251561307737866,-0.8828200645478192,3.96874817119112,2.7007662695466754,1.15957329988027,-8.028984403172313,7.86733116441073,-1.316492588105259,2
2.2358164096716115,1.4046781915108077,-8.107399736336752,2.511316259458636,8.230392708110225,-5.924123499471463,-6.488295805674727,0.8689793963562297,3.1334397374851664,2.0338503991319223,0.6181535860859595,-9.99238569680378,-9.747130072854105,6.453163615971316,4.7608615361118325,-4.596191377029751,-1.2744390593486512,8.908408770982561,5.714904234647866,-7.909047352878686,7
-0.5618190337897584,4.300624258876018,1.462693950659916,-0.2811459983274234,3.6952268041180067,-6.860188902668199,3.580249741553275,7.5285543133089625,-6.004262756837365,-6.164702917305391,6.377839772946945,-1.3881173989584479,-5.485712473145495,9.051071386419439,1.3045802346389035,-2.2100858696534615,1.6805195166176872,9.814554517956163,3.2040595241836094,-0.3297671200158617,1
-5.2421119258362285,10.962432063693495,2.290476695045025,-0.986014548320755,-7.083650687590264,-9.79313373553826,-3.5590229893967926,-6.962317934225544,7.447734381471758,-0.37914803358922633,11.356335780560185,-7.812418643717959,-6.108547602776433,-6.702312117480069,-0.93406090158784,2.0625612449198956,-0.8176097657806118,1.736493844918824,10.533645669387996,2.3197620951296694,4
-1.8818939880420182,2.6168143790693854,-2.1326542478553483,-1.032503325226,2.5087335990224675,-9.188388870040978,6.725051255340777,7.033727140610058,-7.981552853503716,-5.603480563648269,8.399376424021565,-0.34917651621435075,-5.972610177851967,10.184658254550511,0.23929062194585382,-3.5522766374928505,2.1080010203132753,6.396495772040977,2.8135611000322367,1.2913789225341314,1
-3.5553465635130146,8.463607304021698,8.317342962723247,5.986253376303847,6.728897824059031,-7.063302771661965,2.6348284250152307,-9.963273586170622,2.7313182182729583,7.51256852430398,-3.8773419331299666,-9.918256562557367,-7.40338999032965,5.1046652583213605,-1.9929984235826572,9.509062210587622,7.9060739607035835,-2.1544445576689935,0.11998721436099968,-2.5772363322943384,0
8.614671611912927,-3.138777972559189,-6.753491428343199,-7.038644128615816,-1.5172330153267415,8.466595840253603,6.778563949376603,-5.357570626100164,-0.45583971870079365,-1.9648959357745879,-3.0347853382722416,-5.06555530263731,-8.39302562209248,8.714766953117218,-8.076798299328175,3.139441400631131,4.814225920374538,-6.456900332133524,1.476847831902186,-0.45553554265426754,3
-5.617086160309638,7.690408549431152,7.523312211853836,5.763893038998416,5.621465061112221,-6.6049879685201445,1.3448262754105078,-8.774582097054138,3.611902438494181,5.963941024676448,-0.9015483686466306,-7.832491732319387,-6.69863436574748,5.870581992403925,-0.7005275611880546,7.990773470758997,7.793900738742479,-2.43421540149105,-1.1799526156689408,-4.747099672724761,0
7.020285949490141,2.820896456182114,2.1720721189500263,2.0597243484441994,8.395717656238316,-4.638878541549023,-6.204093721792809,-1.2526484248096823,7.644414540996742,-7.8781416863803875,3.2043970288839576,-6.058988005540548,3.447641338278291,-2.037051362709499,2.1075151826369902,2.1813962825454767,-0.27238710817521183,-7.411615494949072,9.163523807863251,0.5804976680443754,2
-3.8277800612804023,8.955653877129585,5.597076714643937,5.911621188487211,5.077556890756746,-7.8775840718209285,1.4363028916994043,-10.616170167912527,2.2348540518167566,5.9788520701927474,-4.6217658467216065,-10.096391571784526,-7.560880456640991,6.359164830451901,0.2934310516719467,6.857939851726148,9.37846112859249,-4.283219227363771,-0.7688626070262407,-4.680546501924656,0
-4.1402307322774625,11.10332985510324,6.666384226904053,5.203644879124424,7.249839810743722,-6.452392764913867,3.5295405109897215,-7.172414092957521,3.186238768423235,6.556580890946326,-5.321637604102502,-8.886502083235584,-6.833210643708317,6.074001131829681,0.5047494474943328,8.047158769821833,11.957226152538043,-3.427252264373103,-0.08631488878532251,-2.1621407371841634,0
8.966858353789217,-3.06901572238511,-7.632444116899301,-8.700214300519121,-0.36986817481643036,9.294229368840677,5.713301618150431,-7.012855553105477,0.9787220310710834,0.08205247865964771,-2.0036798063732726,-5.380922266028182,-6.896880933098745,7.381998013086385,-6.875118214534824,1.1908415152642342,4.32682400607994,-4.996286749178054,1.2873214285080907,-2.08734465383623,3
0.9351906009302355,2.980323964246934,-6.541973012008841,1.9086027924982378,8.8617242716948,-8.231651149739147,-6.765687147470699,2.5370914874709007,2.9131047920614366,2.374659046867808,-1.2860027306599995,-9.618262741731337,-9.922521893996596,7.320345632047013,5.30965282728632,-4.775002277335436,-0.8903491997027219,9.302514034331676,3.281114673252391,-6.598952496765448,7
-2.482627077193629,3.7577133387646175,0.7619041789885295,-0.5112286169770425,3.7925869844173365,-5.889145264273006,5.419069041255225,7.728196158726369,-6.730857776724658,-5.710076324825523,7.758001355113767,0.08688616715357522,-4.5309293268139506,10.414929118057957,0.9826719914151814,-2.5190234366012776,3.9175057973746514,10.24764338418879,3.4617445759925194,0.9626975597159251,1
-5.888156368757778,-6.6844746503914285,0.1118425180014486,-9.218322584441646,-10.077451134678563,-10.048306019351006,-5.146552709109144,-4.277448693699332,-9.681933213580724,6.012927540508445,-5.5769459492309235,4.630737422147882,1.2465943005223725,-8.322057015217627,8.944823628872976,5.203950339199935,-6.977624979234024,9.94886501421559,9.500894428399954,-5.336229609047804,5
6.126901795752645,3.007990470841455,0.9713739680202975,3.738684712372484,8.558911873468615,-3.692272116111389,-6.212521562889375,-0.9555594104790206,8.982923022186526,-8.327625695960474,2.522431927648419,-4.750800644812513,1.2628991625533699,-0.6902774942638068,3.758899964033354,2.6822079547282205,3.1342610289202772,-8.360296336553407,9.19089412121397,0.2007882393724033,2
8.369468595914892,-0.8124216983943597,-3.345040879488773,0.9234867458120068,4.364679584356249,-7.383396468606605,7.464454372004642,6.07485546204296,-4.573973782820325,7.2864161572915895,-0.024483542183898643,6.117466993095258,-7.3049278469904175,2.47415925455761,7.0841076006438115,-6.40881894271938,4.12262376244373,4.4827772629408225,-2.2911486863081856,9.505197752851727,6
-6.999844669911861,-7.341831973513626,0.5842942838961465,-8.698022897295951,-8.189196074022265,-8.409679880629705,-3.4270730541194308,-3.988442668176933,-10.209663535547717,4.884394787336297,-4.551221260918021,2.312955741943791,1.5923034184944573,-7.895806451098799,8.776500661074506,3.587219292143873,-7.819025496890674,7.685422546715232,9.65886261489542,-7.798772479557784,5
-5.127523498696581,10.463191539204836,2.9953851322503544,-3.1275214687968984,-8.128696088074852,-7.731961674085493,-3.464598666756566,-2.5598667118843967,6.0612945132334,1.0575100033605207,10.288838018367997,-9.675311146445022,-6.332984837701816,-7.800434000027373,-1.2324430808849975,3.0293628665711845,-0.53156636154062,2.0918376537541548,10.100123670428683,3.788010033215447,4
-5.705506474114852,10.357487505139538,3.480736098484764,-3.0411153721677744,-6.074714881463672,-8.785378223061954,-1.533881738801985,-3.9499854729362784,6.935850844966577,-1.925734559248502,10.405578958445016,-8.542810663512947,-8.151466581478754,-9.362983747375248,-0.7773952071371696,0.8208887560715756,-1.1837587994658934,2.5514442200221183,10.129292307776621,3.2571570906748804,4
6.15546446230829,2.761877657968899,1.2995472215595045,4.161357839623642,7.787108363851333,-5.5923143926872285,-5.240670067981387,-1.7581828756813191,9.418969706302086,-8.368307770303389,4.647949503527027,-3.234958717968711,2.7170991678650234,-2.9334298047406606,2.3398856501916523,1.7181137286953236,1.8176361045776508,-6.890901449598242,8.235599489666615,0.1840759654866594,2
-4.980473196861703,10.201000746258124,2.270834558557481,-3.1165344778174773,-7.520430708808407,-9.636266647728307,-3.5632380149928435,-5.1171680276055325,5.004975955306375,-0.8705655420831054,8.415175636945321,-8.546517761731256,-6.427373196879022,-9.528474490886078,-1.0571029677618855,2.495220960053134,-1.5661312084027812,2.598376277891715,9.793373594385972,3.1739210477154094,4
-6.491594110797956,-7.582759273211439,1.284528114265873,-8.208282471662892,-8.688799545029966,-9.84279537116743,-4.031243786961782,-4.747167291231916,-10.870631642026677,6.215085546452651,-1.9816584689931407,4.005678952050855,1.2173599138570013,-7.125048097097501,11.066311717144877,5.668548308520511,-8.236259922351115,6.086877692512219,9.071884334226958,-8.87545341085579,5
9.959417378484718,-5.369393496874927,-6.4620349500942735,-5.719294401180801,0.1457502446834793,8.405340145184734,6.251363110310411,-4.892426995169474,0.8917925184112114,-0.3352760822150734,-3.3519513210200493,-3.655377864587389,-6.642364966052712,8.724303272526377,-7.838103388506352,3.0979484546062817,5.322865889251021,-3.9062955656318548,1.724109408257959,-1.0525389533078247,3
4.6159668897077735,3.3350913696271998,1.931223772429342,2.8705171360562187,7.569471692921893,-2.7591783234851275,-9.047506727575126,-1.7933548340563417,9.022725955358734,-6.519761355670173,2.9353527788369163,-4.88063022187249,2.349021835012974,-2.8495741056004102,2.988706551530372,0.44770053304950874,2.6893325527155705,-8.933215095615026,9.869679342725876,1.7945182049171984,2
-6.67165862370213,10.582048107601556,3.3144583758239325,-2.604394313061543,-7.1107975129697385,-9.34738724154848,-4.220241472809299,-5.968534890803093,5.336959758492535,-1.324143543547981,9.030261938857334,-9.909901013581687,-6.165935228944543,-8.556224623413447,-0.2864697109830058,3.300152093232609,-0.31382767437501513,2.1447013649262225,9.27097857992211,4.252664511576416,4
7.73241438317999,0.6959272260151428,-3.868620314114102,0.02545530141162533,7.046182364183632,-7.466512290861764,10.084156462141951,4.885618893095014,-6.515495066467997,2.098314993372664,0.6644979237253266,6.416365840222015,-9.560722392804967,2.733532974609556,6.316408565651266,-7.4447798077527265,4.0394849392074645,4.768859669363942,-4.037100523649015,6.259027196375994,6
-6.803682926600708,-6.358678908236298,1.8732788243023137,-8.913260340128563,-8.727818077230392,-8.546853061206486,-4.578875092951186,-3.5686785573416477,-10.903459478222224,4.7681888597881645,-3.9082332052160593,6.217983688533003,0.46388193285369517,-7.681832587354288,8.544035799351498,6.1141986163228,-9.008805521470546,8.784557006004844,9.793336107069527,-7.100313604869615,5
9.594179737448938,-3.0904568089689026,-5.480979351915451,-6.829518978103429,-0.05647848590299909,11.564367267435525,6.213672439961989,-4.7650646674154755,1.2943064839227971,-2.116186024204679,-2.018351996868512,-5.300366640056988,-5.436898960250053,8.817531092967682,-6.887038347881341,2.366137089500267,4.951695490969616,-5.619442408639392,0.051213044279525013,-0.4562922354985758,3
-2.0401772661749766,3.87592596165719,1.1498595057088048,-2.018681555384876,1.9125355852958745,-7.912406379971081,5.377127141616525,7.4123750222976215,-6.015573739824986,-5.234974735552262,6.551377995060077,-0.355594766077155,-6.50128594560053,9.331025015139137,0.5309601741130694,-1.9518618133464218,4.067454764725416,8.304697445604804,0.9673252490206892,-1.3080124111376992,1
-4.468828801445447,6.420677713442847,1.5426334221281823,-3.0967584789357474,-8.800741769631573,-8.409508367802767,-1.6921621454450402,-6.044247384012501,5.488484204219583,-2.230408716445187,8.921171774441422,-9.026497326695695,-5.226108081869155,-8.943094184797484,-0.9205208578990126,2.9749362366865597,2.3137071459160197,1.1036358711073018,9.188388660507533,1.6464095183786067,4
-2.0108968899704385,2.1813520461945597,-6.581738976188186,2.634175793532098,7.915609915196542,-7.7405712250204335,-5.706377322474751,1.4301501463538437,5.283000814280099,2.5878676843966195,-0.9013032878552413,-9.23900051326611,-7.2398899556397245,5.55751603991354,7.748063195381426,-2.0705646098952446,-1.0767207225742184,9.535547145593632,5.000119805503033,-7.728605579452965,7
-4.739614671657595,8.392246194683109,3.799825798245539,-3.087601387166431,-6.677883370647962,-8.894158170660463,-2.731212096779711,-4.805361718135064,4.628620384495523,-0.29540260122919093,9.425614129741263,-8.971455153455253,-7.001051485759265,-6.757105887088436,-1.3227613602545991,2.8624377499435694,1.0450181251528514,1.9123681508826516,10.972521537772497,2.9228077113601723,4
-3.684011305330555,10.379874962956425,8.109260838454615,4.084639415906697,6.944722774216565,-6.77784204473825,1.3979127128990636,-10.158743299414022,1.7958815974566145,7.347694491347464,-3.2872266223361524,-8.49709313828767,-6.702223188514904,5.400445933366299,-1.8025074392265417,7.001503205941418,9.573347787636436,-4.4282770050768185,0.32143374090076415,-3.015897685003907,0
-5.596232573430093,-4.862699547279984,-0.643278651200442,-7.12754325148874,-7.354028900992826,-10.180466672047249,-4.425156805805734,-3.1173415003192377,-8.94143971994846,6.092660226679923,-5.331503857334465,5.99788800907661,1.06474514544509,-8.245817559202075,9.686775802572768,5.774807528453282,-6.812659739369687,8.542929339398029,10.680824513054839,-7.827500094996614,5
-4.225996253180008,8.773589280867425,6.806706402246196,4.886426455952904,7.235764158021856,-7.859582150933225,1.0917399006453148,-10.729819271167704,3.748969818466856,6.674751841127593,-3.0694153031590505,-9.106443179757282,-8.07464128099602,3.9755615094869565,-1.3365120776463075,6.723254926778897,9.927098916218208,-2.9100219280626263,-0.763219549035302,-3.5729877381267268,0
-4.057845682478841,8.426593558937054,3.1541999251109343,-5.611588936953677,-8.280692772029981,-7.842267766350677,-3.8620328203247705,-6.109984891333428,7.120250676986128,-1.3493429752529131,9.694818960198784,-9.175320429751665,-6.388948725218919,-8.66146338682216,-0.08138778952038184,1.5304647597539514,-0.24379264417965513,0.274485718682407,10.647875921260843,1.2351514715342373,4
-2.693038373733331,5.638021771960756,2.5323912822233536,0.2761080547107948,1.489302660391228,-6.921200497674608,4.449531356143914,7.045586938616368,-5.817838001556985,-8.052771203833187,6.717635374985176,-1.3560466769120023,-7.047629269186167,10.47608310374158,-0.20739954591074744,-0.9060685705977234,2.988139700055698,9.36570850257882,2.579891285090704,-1.25905159681017,1
10.849308628967485,-4.422141879769055,-8.787760198769627,-5.743109472383356,0.10988952609336944,9.716122476340738,5.6096649010270685,-5.2028851005917875,-0.8893991093090736,1.4336260779478947,-4.413678119415987,-4.51017230743251,-5.82879621646331,8.391626583800761,-6.7481549158628225,1.1264264931679315,2.317973015434866,-4.520864104051899,-0.6703212705702287,-2.6046006981542886,3
-3.929796817972826,8.574796243155157,7.461972248958243,5.65723401711256,6.622209942413609,-8.468290430838795,1.8171182988140113,-10.053681398307512,2.3005019372790314,5.699529511572073,-4.094451182342453,-7.696669269982877,-5.939758480765553,3.370826602806249,-0.03516519011833652,8.313823846509074,8.939128809580405,-3.5405826623192995,-1.7641630025302086,-2.4532305246111203,0
8.37547379272044,0.9640608713045175,-3.8078940299187636,-0.7513873349789901,3.110761495601512,-7.06320934580374,7.653652733034093,7.435719881002012,-4.735172215630207,5.22190289759501,0.8304399042890263,6.949837175358893,-9.707071035833877,1.1396980766936273,5.93042718680458,-6.861620722131082,3.8328319648805786,5.675243955572855,-3.7744384022369832,7.926224000845135,6
10.292061681369884,-2.799005853730322,-6.5585902189945395,-5.635941975981039,0.49809753156288483,8.678160572686924,7.551577298011787,-4.45084392350093,0.9782197469117024,0.30084824048555303,-1.8804032596342046,-5.368860142976192,-5.390383093156805,9.409958020765362,-5.50133800172705,2.479556476373988,4.424488681157295,-7.171065014383709,0.7415495694737956,-0.9313757397611729,3
-3.3553748746970027,8.23766362073965,1.354978867515381,-2.340305264600563,-7.157983558784466,-8.935948564932172,-1.9362536792262284,-4.860714233583227,5.869959974136278,-0.625253134573305,9.901430872953343,-8.83294340574434,-6.593919993773099,-7.978779098904896,-2.375196049483743,1.9975084062336033,0.6596236542149956,1.505719782588757,10.708428611337904,0.7080885800429622,4
9.094324567930126,-4.468197903874605,-7.96309122613179,-6.567055642017532,0.22288939714579847,8.933901057048766,6.2786082591610874,-5.2524606383540995,-0.031106349778401432,-1.3664286181518634,-1.829607811346202,-5.446641296757606,-5.557775306509217,9.672922408067008,-6.91677886779875,1.5282192906985446,3.8391983318907013,-4.909984177395432,-2.253293792582425,-0.0650255186943457,3
-3.4411289136047274,9.193088822548013,4.444041900535597,5.508416877206398,5.282422104175111,-6.650040024214189,1.767584834627201,-10.217179183106694,3.4841100728329666,7.211454105957014,-3.3129077236242965,-9.906819378091676,-7.24378489276623,4.660738544073561,0.7570906666257742,6.8273257739520155,10.703532882592759,-5.536300691945193,-1.297765131889332,-3.5156514217836046,0
7.8652874046355965,-2.295284105746126,-6.573830995782443,-7.817201429761417,0.18998620004609712,7.803500143948207,5.38471033100325,-4.958756785267907,-0.15382581176764948,-1.4103781893856981,-1.0506249403331844,-5.3355379727288055,-4.785654605833314,7.586222595948328,-8.074759820405204,1.523635196815751,4.478770961017111,-6.124777873766509,-0.8404577017243982,-1.7669027860993387,3
1.3543390768696293,1.6582571890190243,-7.10903517399046,2.0710887688518724,10.032757302249308,-8.216602205063953,-7.872492595803981,1.7814543841874604,3.253594555914119,1.053619556485376,0.3458434587118555,-9.220600293060718,-9.023559341432547,6.007098285098744,6.399474930297442,-2.636120966870213,0.581185562491749,9.147148526952915,4.953355796712009,-9.632890636648114,7
-6.874497952456105,-5.964182898448303,-1.5616196363600925,-9.17013409521577,-8.715840745137415,-8.584779264665007,-4.48469601977683,-2.3355198128773207,-10.587435708994496,4.607816457795624,-4.934949728032757,4.950962509911753,1.3176322897226045,-8.55714763310294,7.879900500975775,5.586278299032799,-7.009098805658482,6.319257643817661,8.068194708856527,-7.824485138597893,5
-0.7473553344291399,5.288428023556163,2.484566366172735,-2.3621680097115707,0.8899901195134181,-5.429503311822675,4.601440949949293,7.462009064613465,-7.0695241927620405,-7.139413997981566,7.271985551210031,-0.5168222535125524,-5.793233534163109,8.087910223963075,-0.6717725319716034,-2.575431998883582,4.759864951722483,7.3775943169319165,1.398122983364847,-0.6083227045963069,1
8.783083679985195,-4.219492633777623,-8.25094339300164,-9.093438063835741,0.3989234155814927,9.534641085890335,5.581855440146879,-3.775687903382165,1.2518760895738306,-1.8508632690800246,-2.665890871506447,-3.2785722039235417,-5.223317158486181,6.556872323190677,-7.77907044410486,3.2732526630608523,4.12484639872835,-4.0273466703831176,-0.9422253121370097,-2.675506661114098,3
-0.3153473978877879,6.280245499660031,-0.6853454397259633,-2.4267024448885497,3.4181520319400884,-7.20524215009695,3.281817799416034,8.582706982383293,-5.494955406180191,-3.8884844708388266,6.241329752543845,-2.8612596631187754,-5.933025998116471,9.021046851630802,-0.578812591101019,-1.7339666415992725,3.067340418698121,10.196901119825625,2.179223293536107,-1.096218137377743,1
-5.818402933838666,-6.492175632835882,0.798763242361871,-7.694232310828741,-8.48046123361599,-9.554333664952123,-5.427652573154314,-5.6503110989414385,-10.346553208213901,6.632925573038728,-4.7988696802020545,3.8463788145175273,0.567216844282685,-7.311947350758204,8.399550703994759,4.368590916724303,-5.964665194456899,5.2360166923947755,9.22941302439802,-7.188798855576248,5
1.8049195796521635,3.7427877400340437,-7.292788680683943,3.6049730388916545,9.799841041241127,-9.210063389970927,-5.51299057765628,2.450496331945829,3.4839131143597966,2.858646300878542,-0.651264236052131,-8.51997628732196,-10.05666792497605,6.726278155282862,6.9173777405047465,-3.171565554481238,-0.5795480223564153,8.747997274096669,5.598310479611202,-8.760183746593686,7
-1.4739220986523587,1.9828708941631272,-6.537307572473086,4.2638873582961745,8.495821550367518,-6.933923106440629,-7.054025241305458,2.116550581288882,2.1721606449101856,1.240682532274497,1.104706594655363,-9.321762628807756,-9.224441031297756,5.902874819994667,5.0740157671868245,-4.657620964404623,-0.6314120549719009,9.553848458215363,4.574190849641162,-9.505447722496816,7
-5.392130734067654,6.439934242034039,7.247453713486897,5.018683799327154,6.527128037808565,-7.215273351019077,2.600203293987127,-9.539114605204897,3.2747467909332286,7.634822969334897,-3.5331527036301287,-10.277589276293813,-6.429494072966162,4.54062819946028,0.5628051256997768,7.329563868058531,7.206199194369176,-2.9860729744379935,0.6801995645183525,-3.6997164521870265,0
8.153116581716011,-4.2031475244427545,-8.413630754000778,-8.103551353477972,0.09199337562959659,8.36252516081369,8.294167259845972,-5.847140967137927,-0.4311650438495741,1.1257382610747249,-3.8262230517033347,-5.5547684738467735,-3.7930377834542375,8.494661710131842,-7.732249536289381,2.8223921521781685,3.8950987470018794,-6.17958565729311,1.6546736678338878,-0.3957706550581981,3
-1.7525812271018977,6.539072420124215,2.211721510333536,0.34336979155390446,0.9028548494229545,-7.006146148095245,5.723492600286966,5.851524937971124,-5.59791155445472,-4.856742082945568,7.551639365720381,-0.08060032868349942,-5.971495669236952,10.094741910430992,-2.0951480784135623,-2.4807290524626358,3.498982739180615,9.923411173821805,2.1148736675595146,-0.20220640340620682,1
-0.516543474405111,2.6193699009577722,-5.546252420018038,3.3268881516295874,8.95375585541128,-6.33182677431512,-5.61085503129713,0.43447500885780377,5.196702776058608,1.9468990991694348,-0.08139203755141407,-8.85586326920937,-10.17761203773765,6.934788607059961,7.1089793516900865,-3.2860351362994504,-1.5181150476864396,10.127879007343378,5.235176498027414,-6.354363584211991,7
-3.687224351121735,8.702385372665873,6.653378226461992,6.17449902547234,5.391826949943708,-7.140732506652626,0.11894911601353941,-9.85176476059364,3.9031026573995002,5.226285648597549,-4.848193316093107,-8.500216036752088,-7.099663266657777,3.456785701260541,-0.47403221319874905,9.666527648969053,8.866413377470064,-3.3913697193130066,-1.69979021330203,-4.253329367766991,0
5.680073585030089,5.558021569267261,2.429968039641733,3.009630638286131,8.942604649128079,-4.197157456549764,-7.81050173897836,-0.7044274332616902,8.927763799042658,-5.732787290468203,1.2557425540999958,-4.230635914067549,2.5908656657253477,-3.794203133468658,3.3808864453350553,0.42271011879977616,1.4609832385436285,-8.249795671948757,7.829173348476713,-1.5876342020883596,2
-3.1933496180570673,9.557608171826793,6.901155581128655,6.8044113999161775,5.3107743811609645,-7.006001008056939,1.9562262647260242,-8.868346264905853,3.3542840741651627,6.688985601369162,-3.9932980730859917,-9.625174859501117,-5.433918992210542,6.435291198099833,-1.4005052193167087,8.587936288717932,10.367422907994468,-5.2345503102028985,-0.4917280794916861,-2.9129872563129835,0
-1.9329343888358654,2.292003856274813,0.8681991509092476,0.46512239919054243,2.4403841634557777,-6.040183268728791,4.101384582299115,7.4621440707011635,-6.63911059143188,-5.229123230922981,5.192233847707443,0.8038404554323619,-5.042422900796414,10.514159213091833,-0.5465362881020496,-1.323130636769605,3.2125031247180806,8.970599232719346,1.9719539410220188,-1.3745894538296421,1
5.298674934942766,3.4796788381717123,0.9617037349134814,2.511340995082077,8.86590364179997,-4.814575706714658,-7.70990846231212,-2.0952258266998602,9.793228506206452,-7.242897936921457,2.4471419781774864,-4.386883485164671,3.704942531455334,-2.1813748398680874,3.148590254931193,-0.13672662512123002,1.0727037203266039,-7.808601984815254,7.562838555777546,0.6925115344712967,2
10.258461625897835,-4.187865784856974,-7.593465318564237,-8.214690843185046,-0.44703630989027787,9.510808483850099,8.187211863316419,-3.904104478283221,-1.5421945007439197,-0.9498406737122509,-1.7061450618541094,-6.4860362418687725,-5.310858018976173,9.700341077704492,-7.323150159900334,0.2642236525581285,3.689990006312058,-6.114745053117781,-0.37928562408533495,0.041884548759087314,3
8.911672745092456,-1.7768615190759198,-8.248848929934317,-8.361539429061375,-0.20273483294411518,8.602308864063017,6.8265076326788865,-5.121670681442829,-1.0016409790512217,-0.4020545560411653,-2.2815321073426174,-5.161314673178043,-5.346009841762834,8.193041251872103,-5.2354007670596205,4.239317958896899,3.735168066450043,-5.8951648643827825,1.782137348552462,-1.538036688466094,3
6.941575066289008,0.5015319272837019,-4.856903748596203,-1.060878715308768,5.506287307381679,-7.365268009717176,6.159482597670871,4.6300355018338735,-6.459824472869717,3.847572607348752,0.27278830235217705,5.971875048741053,-9.637499453413172,1.9568572710421857,6.240854036280835,-6.432320654131539,3.8513475566355253,6.76779730571303,-8.146543386972866,8.855879207547073,6
6.668464900671475,2.3324606005115167,3.0082346497618295,3.9476870683258065,8.103225746524183,-5.889808251995076,-6.465249075842259,-2.036731524002594,9.48615514074627,-7.847342761676678,3.8806618081938167,-6.0787727990237705,3.717105563753898,-2.5429015160310824,1.8048584274805037,1.8412273194954578,0.48038234276621133,-8.115610780060319,8.715821577082748,-1.5310011902554004,2
4.050950699623046,3.877556051217479,2.563786325330608,2.179664541278412,7.795502642856772,-4.281902528481353,-6.239042529073531,-2.6181182025112197,11.406832915737981,-9.65838242006718,3.837788010690788,-4.682085662425044,2.846160385051231,-2.8235125398503826,4.464724771692929,4.126841556350849,0.707906808061502,-8.338110284477027,8.415734525910269,0.8560954876742228,2
-5.295254710085993,10.047158036537125,3.9944757253935403,-4.531751402543039,-7.973837317381861,-8.086029834509839,-3.8853925897935744,-6.3719954654069175,6.64144325034637,-0.2401271752434192,9.297751974374723,-9.786292151798813,-5.495762230055568,-8.56168396059873,-0.31273776587023805,2.820295737982778,-0.5756409682955815,2.266554868334039,9.236445824454982,4.281936489234171,4
-1.8232544211920017,2.7743335927841315,0.6269707963909256,-0.6833736157291607,1.3595485642335725,-6.338273165537147,4.830948859412942,6.6227050557455245,-6.09492877215207,-5.201536016650786,7.7242869165949175,-1.0477253241462854,-5.62806058256009,8.013657097539467,-0.8949710974544081,-3.1118152165217965,3.3727223670772393,8.480923124408775,2.9429784854010466,1.0437103391184739,1
-6.477477248643638,9.914971940996214,2.4286298718275887,-3.3373372305630222,-9.008284744040626,-8.639610144559926,-3.5297236042352536,-6.1875119058191475,5.6392348061858,-1.335136816867031,11.322139492668105,-7.733571856684015,-6.679183149176674,-8.109659185656183,-2.1869759099949535,1.3333867717226335,1.9716934788430964,1.1364648443406846,10.852122834884344,3.6612182861600138,4
-6.2702936954397845,-7.669298756574059,0.19771190541380765,-8.997678805683709,-8.785685529992577,-10.142740725814658,-4.090623415795201,-6.819732170410944,-11.176707222002257,5.029123129042699,-4.430032520311716,3.416136808013146,1.8532045680143543,-7.960138729935439,7.7274197620841045,3.400981560729112,-6.178251036011944,6.908310365370866,10.903016749394851,-8.717982767882672,5
-2.0677607124275013,3.981868937232659,2.679874696232729,-1.6023296773582907,3.326704699632718,-7.211925486180929,3.8709460196272176,5.884978482978389,-5.485910478656919,-6.654803949372424,7.991804293924598,0.044734064368440185,-4.681637129461159,11.759138722343069,-2.1802459802209864,-1.3961941946440501,4.978324936022286,10.759276308495709,1.5295425795057687,-1.0414893199081652,1
-7.885936262714228,-5.339628023580006,1.7628388088522806,-8.146756612106156,-8.506873391942952,-10.2056859999072,-3.963957040586431,-6.147973378534202,-9.316274788926922,5.035207367723592,-5.345947318825444,4.916690521938783,0.7330242138209218,-7.740845893821774,9.114821019963964,4.396237891257032,-7.668210895187502,6.214575599352693,9.507722193548386,-7.619841995302773,5
-4.2527940355763665,8.386006470014896,8.650521465024388,3.8310496990595686,6.527737632558011,-6.259129691398914,-0.5630507492833443,-10.217018957590334,1.6657829311054366,6.278344519054247,-5.329551081685645,-9.72165012697979,-6.330294157131829,5.2098512690958065,1.878523907593689,7.713314792766132,6.530064228683116,-2.3526971037000983,-0.04457331336302239,-2.9811559790741153,0
-4.591501517006205,10.630801859142178,3.032740048778232,-3.1061269959950994,-8.631066060867505,-9.669406876268464,-1.509810337019499,-4.898792315513996,7.722007822120171,0.022781890820944284,8.487269839732377,-9.17545372646055,-7.731035004210957,-10.702539784679923,0.04061827241507476,1.8634176375695144,-0.7196502644583397,1.4039158687209954,9.589365846987969,2.783275460497143,4
-6.773459533357902,-6.693094614723909,0.04118633481368289,-8.001014129095397,-8.355168724158965,-9.888772967066725,-2.1117558431482877,-5.048787420737742,-8.975979806566505,4.5500484907492895,-4.687047624922838,5.498935364900644,1.2080025495663744,-8.18839793638433,9.702923361994957,5.232933723438646,-6.765935904747074,6.257954358676779,8.880249122241489,-7.4549163454652065,5
7.714411584330851,2.045335727454229,-2.515269993974215,-0.42491784199117394,6.435119765569885,-5.952071014248493,9.422035950084556,7.138707195781974,-5.865587539944332,5.361290977269138,1.0902663994529709,6.302968364253003,-9.882754733098304,2.7821495390707556,4.434372155334807,-8.193581067057172,2.921668259347502,6.350140340104775,-3.227727738859966,7.863734040305367,6
5.732101745460831,2.986743764075091,3.4194426211651723,2.6391238061194398,8.553375072506757,-4.6142959641597505,-6.955924129659285,-2.9570001093992198,8.638309413704684,-9.462707761352524,4.225717172526613,-4.288335655989384,2.550488328787921,-4.155668719121104,3.7628895096449617,2.8834582158232482,2.657200920045277,-6.325333152626947,6.055295201562601,0.46196154140550294,2
-0.5242617852377385,3.585513544798741,-6.514173405243599,2.187509540389894,8.802352790030973,-7.736010275124328,-7.575882030843646,1.5468580559925935,4.585510545687646,3.6351216432346636,1.7047591661649915,-10.651342081559072,-9.730580914173887,5.54991346272509,3.622474643284947,-2.3239307310510586,-0.043139371348761946,8.526709556519055,2.723089492031902,-7.188985784003021,7
5.367168246591146,2.705158206087504,1.647995754521467,3.027540208261592,7.0568367466146285,-5.128192040310535,-9.165623375203397,-1.4051715788731332,9.148882188527214,-8.963089443731562,4.644625993958098,-4.771126970479661,3.017297796847402,-2.482892307201789,3.4825413769251283,-0.12021610478224565,2.4235505868553826,-7.336779509896933,7.927636790341337,-1.2562220710405918,2
9.405486767075548,-2.939520887506914,-6.466065509845617,-7.6911820702256115,0.5334782836147115,9.757051505283146,7.73339372222297,-3.813549608233931,0.5939100603183094,0.0949974159220458,-0.8190833138578062,-5.35672607258797,-6.900972451144396,10.534933777155235,-7.247000483200423,2.7062649195879613,4.581596414539379,-6.039310403494701,1.0559538568362186,-1.6067643732735142,3
7.477011881037414,2.7892956007295457,-4.2255694743791326,-1.0210948126299986,5.838801593717943,-6.885235133624069,6.187627038937594,6.7932464359047025,-6.27298745470447,3.933813575909007,-1.1621701343221569,6.09077560897204,-9.796858154751545,1.1645200398536688,5.810347768634329,-6.436617003124311,2.9098951617836875,5.497837703712491,-4.11154062454534,7.541252152225996,6
-3.7578848582447146,8.924933132165867,7.325713246579273,6.217549979953993,6.397464031440377,-6.720390506047182,1.4376833221394785,-9.79172399803865,1.2474711975948232,5.048791876947829,-2.879517715207113,-10.431895376106246,-9.344629611793087,5.9110265407517355,-0.3198974014169784,7.501239052244819,10.39595066776996,-2.150540890309104,0.40926239804835607,-3.717224647565737,0
-1.6673363763633269,5.70694938937291,0.7098825549112395,-2.0711616602892677,2.2756281759044006,-7.419035207659092,6.531148206259518,7.557884407108107,-5.657040011956474,-5.723532536289059,6.312666750637899,-1.2791881341085298,-7.146950176533086,8.956092111992067,-0.23440713874331903,-2.256720137741114,3.6581225822141787,9.453119689397818,0.30165453622678173,-0.6892339150285531,1
-5.6148295474979015,-5.115878137084864,0.9983633841576423,-8.909494493998775,-10.353492864775601,-8.38418147868758,-4.349430488129505,-5.397536650112635,-10.645970647883962,5.2484108419436195,-4.859757489873392,5.468996257677782,1.5473640650278395,-8.659102172473235,9.885517780698159,6.328075528912088,-7.594873383408062,7.721949675781348,8.309125062788597,-7.094663638574809,5
-3.4591170520152605,10.003312703101507,7.082888283250028,4.405757270396581,4.921252020167805,-6.633233660102304,1.2424180066151171,-9.006384821808698,3.3365270380422234,5.683340504480175,-6.049703959640025,-9.635702090103726,-5.990928966048626,4.991601497652727,-1.4552457885325136,7.3439318790805945,8.403315657315998,-3.3477582581860443,-1.6848913442370035,-1.6408560553867153,0
6.221525623815792,3.5418556025493233,1.567315652033372,2.8330361748801707,8.658443614350633,-3.2365768659665166,-7.19419188218896,0.04283288925792039,9.191297430984138,-6.868717936637578,1.7435383552417507,-3.6535202344505944,2.8721028226649565,-3.403156296026654,2.079122456560895,-0.06836834085891241,-0.7413381156186643,-7.935839441749135,9.61797744847952,-1.4859213792342667,2
-5.9354009927168825,10.2797829510966,0.24424813325078532,-4.192043597324382,-7.257034794192649,-7.114742571511334,-4.406986160135972,-5.839223100025311,5.900175826631862,-1.80744945878677,8.98908511727094,-9.718599065167346,-5.265567499304605,-8.620268102144962,-1.2931622620948622,2.041466899719441,0.9452761377218752,0.9471198620785817,9.974359191294033,0.29574459677921006,4
-2.94043352588398,4.234834477062651,1.86272191441526,-2.4080580648708194,1.5994334347762242,-5.939003607072866,6.085202467337447,5.906526370102171,-6.089807815275358,-6.447246778438394,6.507721659267373,-2.0750501667982046,-6.803148737690569,9.181467981542585,0.8442503961083867,-1.6964982208813129,2.362576009444594,9.894506401188075,0.2619853050507155,0.13072281259872998,1
7.129770091323097,2.4324569891707477,2.7909628991032953,1.1442514047206969,7.583267137765395,-5.116460830815317,-8.530599111332295,-1.7285864685531767,8.078559193168122,-8.449126385697122,4.385815773568853,-4.300336717418751,3.537382055680735,-2.0805943616441667,3.319608145871822,-0.0934034958305987,1.4468356251392822,-8.383483198053506,8.750522853293575,-0.4744847585142657,2
8.349317472361017,-3.7319788107224654,-8.49682430952829,-6.4111525436988055,0.3570254643211722,8.850450376417463,8.003864188456166,-4.420719191407082,-1.1928172434870177,-1.3860754103880268,-1.9404944087721347,-3.680673278474561,-6.352614163703262,8.441196638014164,-7.288399653157502,0.4009827696895236,3.6243915467959287,-5.229085438437603,2.9805218962133164,-1.0816625203416668,3
-2.6468272058852476,2.110217217212414,-6.08291516556885,3.09422529242935,7.732168392372812,-6.514221247879228,-5.832654885782286,2.146086526345075,4.0183902507960925,3.334796562835925,0.6476469164212377,-9.510166688641752,-9.946850782016382,5.393666648234918,6.04838034028077,-3.9260186226560014,0.9506330638584988,8.98134221683729,4.812726047283486,-8.916082712009361,7
-3.4016728091158743,9.031183455863244,7.261347375721215,3.7386910271463236,6.029801817649594,-7.0682461452633705,1.350564050900601,-10.972704948249268,2.564753231930407,6.098211419662527,-3.7529017136453384,-9.008273699604327,-6.095798609667334,4.7848960354203305,0.3178069216841488,6.944267927061061,8.438045637198138,-4.014921076803711,-1.6338011164142114,-4.472513807470644,0
1.664768745621683,3.3175498912259167,-7.532704000336957,1.4010914471364952,8.460027706936575,-7.895663959599093,-7.332178326090196,0.4738032968235124,4.661868198619159,2.5378758598708373,0.140305266778878,-9.867966584713129,-10.668231790099707,5.515149422234158,5.881026011429394,-2.876233659352595,0.1097335779585909,8.949974431800959,4.221749786365022,-6.1219669893683175,7
8.41287365895629,-4.191927714108537,-8.036358239812833,-6.795751572568117,-0.04133636460847323,7.716973667642753,7.254762137312763,-4.566859615778001,-0.9337777989500653,-0.7047863659292848,-3.0121539863217492,-5.94112237293297,-7.602023813315645,8.015175047401353,-7.80462801453005,2.8775820344623693,4.782147638367852,-6.254207452115455,1.4357204920563174,0.04956208173583332,3
-5.750101671179353,9.029777601956349,3.2735617406375774,-4.389553797720838,-7.3661407957018525,-8.544659570072623,-2.248077725072543,-4.243137056585955,5.8645844749801945,-0.9492904146736096,9.816444449606994,-8.800327779132083,-6.923119360856465,-8.789830857153454,-1.8058616375432108,0.8486377042226378,0.5428701788633425,0.15369657137516834,9.163144076488155,2.8622246397574758,4
8.184307565848538,1.6844936727958952,-2.23900761610168,-1.732514102449661,3.7669909398143364,-7.424840043576905,8.486789834616195,5.170927168086564,-4.5848812571167255,4.612633522278692,-3.234643251341854,7.663601218050398,-8.902879765658557,1.2899690242275992,7.264003194154689,-6.90861880786605,4.225477820887378,5.516016744654104,-4.811605228261681,6.703159299482041,6
-5.714578852728452,11.742923013502772,2.433703788663908,-1.920328717229361,-7.937244091775476,-8.766197285997212,-0.641170212720914,-5.347021195229212,5.937506394194957,0.96444531412276,11.069274521801763,-10.347164600728368,-5.332288675479889,-7.659449956217835,-2.3145265219597198,2.394429404183638,1.1360938818495705,1.3926421674286582,8.682774964991992,4.275642500592008,4
2.00230979837565,3.2968057234315724,-5.977007074342845,2.1063109047800066,7.663769742529663,-7.071927372044031,-7.468272750225621,1.8735339521640921,5.340659486999442,3.137585583484946,1.786076056167065,-8.900296066471856,-7.858234652231743,7.628785372268997,6.845540473010291,-4.606013895855307,-0.9027918440176047,9.71678237558187,3.1452959279203823,-7.606761937133858,7
4.857404002265554,4.603144697304616,1.7396448282662464,2.9842192532527054,8.986139802733115,-7.110161862917986,-7.655333298948989,-2.250782496234898,10.306938649020003,-8.407035556263716,4.506523665614277,-4.153676581951194,2.2385506638060004,-3.084563285528278,4.402069253800372,2.7553767571198415,0.5017726228937993,-7.488041477257272,8.66053933317589,-0.46596410040258796,2
8.544295434704244,-1.9837091285304784,-7.877367612901459,-7.502535472590501,-1.11911161928442,7.010272713421269,7.154282813567679,-4.93039599649709,-2.224116527351659,-0.5696350765427787,-1.6243437225145039,-4.118994398312581,-8.548501017828514,7.443304519304741,-6.988089159207687,0.8181135900120242,3.0637788180538243,-7.8211113794959575,-0.6792695100313294,0.021951304405234295,3
-2.2701628690098747,4.582455197974777,0.7852037709021198,-1.6439608987976708,2.7423100179791584,-7.936491147388525,4.022965830416106,8.196964013847621,-6.067163256257438,-8.066815072201674,5.371434846877035,1.7707168949179355,-5.042040119273827,8.43719290249752,-2.1325897979032336,-1.2642075991617037,3.0791483360624357,9.864968015598668,2.1315046005240488,-1.7986737499789167,1
9.117106830739798,-3.767809483686321,-5.634701777035501,-6.605326257096417,-1.056108373423342,11.682471123535027,5.0572662158565524,-4.94351090261826,-0.193027746348495,1.2518033800217627,-1.986388927236654,-6.338395377849228,-6.636083600298908,8.692743833012607,-8.383123853431098,0.21906168341617516,5.362697238881736,-5.396810132232728,2.0769580714241087,0.8605504702197395,3
-0.5273605654908773,2.6180755260924005,-5.689858930816449,3.077683978183691,7.485747389796277,-7.570913266564505,-5.933052616749019,2.16797180647378,3.785875892443285,1.0959953807422134,-0.017714767798388598,-10.20817581548229,-10.282418700727884,6.368313951564455,6.337438028894259,-2.8061316133976315,0.6602600462888008,9.781943204769545,3.784452182112158,-7.424431748943077,7
6.752822284795969,2.428771249163483,2.715546801333203,2.3350882477597077,8.69958953330465,-5.248615103919702,-5.742454194970224,-2.921248367316154,10.15398234040865,-6.8555915044229785,3.38983395771744,-5.353084072961922,3.0635521630773823,-4.175058999443753,3.756655080943675,2.9283849854638015,0.16465056350003615,-7.126282777546833,6.8989749075442655,-0.736631673573506,2
0.9515926178835478,2.031619518642623,-5.032813609105725,2.225241596888908,8.114751543543791,-7.581813036526157,-6.25902449341087,1.018363496195061,2.7963228212671103,3.9420654187483746,-0.4572598111702551,-7.880975244781041,-12.250555118693727,6.370463495525488,5.710971778144375,-3.6141165877333945,0.25762952812641793,9.307478786672569,4.432604497116503,-7.628124808758139,7
-5.501389402587553,10.612281047914655,4.258714260854721,-3.5028131994827056,-7.39703781084236,-8.254416604507865,-2.516164923732472,-7.585866656796065,6.519184539107324,1.40632037940432,9.512403709305714,-11.11929230828962,-3.264571270292514,-10.616475461239231,-2.4914979431954585,2.69501276789624,-0.06475694192099213,1.6639325343664275,9.068183563296946,1.93738153265393,4
-5.360215286003371,11.02848933718316,1.9657005325556136,-2.3389959371036886,-8.030186745623121,-9.988346939630452,-3.7873646538741825,-7.354803296997907,6.509822916269857,0.4084509146840227,10.030289515099794,-6.295823970463986,-6.252648072203879,-9.316622248789644,-1.1967151939989968,1.3998789626712185,-0.5223981193844581,2.036231726609226,10.065655846462263,4.198072919779182,4
-3.8992360775813086,8.279939087753698,7.151231475781259,6.589705869409668,6.495433676336406,-7.415592633243292,2.7711929284724013,-9.054043595455152,3.5409817422586807,7.7664624260380215,-3.9413811381846404,-8.69821209696,-5.687679275045208,5.437533935238787,2.0524596332365004,6.3505211253760265,8.383441793431599,-4.358449054292188,-0.8037747108433135,-3.982693729451408,0
-0.9806336408151317,3.399366787071178,-5.191343070424743,3.025316749477666,9.047486746723013,-8.699567267806303,-6.4683408946779535,-0.30865973547331715,4.198971772349423,0.6964515186656723,-0.7414321927027929,-8.977363091999742,-7.371217683878657,5.264367446972289,6.072247548111717,-2.121501661846469,0.17235236848329494,10.670872840516422,4.27079909057758,-7.314612549841337,7
5.002512823207705,2.002478846537729,2.647439815298714,2.13776007718302,6.202383502713655,-5.061554592697253,-6.03666119600982,-0.3128500934436358,8.295855532610013,-8.606549802241982,3.1362273141017583,-6.108818508961359,4.311218582695625,-1.9042212288111167,1.8832368112213662,0.576886899972963,1.0279410209981659,-9.358943315413132,7.699791590675378,-0.39137218530801704,2
8.848122146359401,2.736233941718593,-2.617534854841249,-0.618025622255632,4.2405096288940864,-8.025172127652828,7.868385922182393,5.642195616414478,-6.949177524332963,4.8420897724802385,0.6869657868683422,6.543613099277098,-7.698533890807247,0.04917881325724349,6.338094422198815,-6.929793404050066,3.143151442226202,7.409804761317064,-5.627737392952272,7.378680100967981,6
-5.9515345761406095,10.469801588095958,1.543751109670285,-4.042054031686836,-8.355550707556624,-8.730854163594211,-1.9273491364724555,-5.716183213453079,7.224833896564692,-1.0226561713483313,10.364407669051872,-7.895430086071594,-6.827254466099026,-9.150629075436045,0.15340378924295361,1.008887451219929,0.6906805973237917,1.5088012834226048,9.093086673336861,3.500370518882322,4
7.431738035901935,1.3044077602794324,-1.9848511016759975,0.5748993513742355,5.1934534297603925,-6.515751338286283,8.611817136961522,5.654862512944335,-7.604477360519943,4.230006713947587,-0.9433261581517447,5.767385652164864,-8.867239078652675,2.2300732745743215,7.077966332519357,-5.867056082170961,2.253611031400773,5.406691158599564,-4.852237695500667,7.138375038395965,6
8.059272834462986,1.007441009274736,-4.4046082038563945,0.1841738849020358,6.529809177901477,-6.4296888425223,6.831265425665003,6.614248701445513,-6.476739407551038,5.833022357751125,1.7823385187016096,6.139454988919042,-9.796350896465391,1.8074426501217538,5.260674100027616,-6.8277356441692065,3.7019298643700864,6.329713783671031,-3.465118612602008,8.03445523197858,6
-6.642744942344005,-4.579890932398979,-0.7937013172900945,-10.051813976789681,-9.346345876143085,-11.70622803772832,-3.772060419905848,-3.9059878746321037,-9.81390299657285,5.493788785616067,-4.421337092883203,5.080013206778169,2.7810033876237656,-9.249977366027613,8.197445387388353,4.415469759372593,-7.08638955484504,7.158395324537508,9.718744784886209,-9.674160624802253,5
0.2965317296232662,3.231259714293002,-6.20520440160922,2.6403567758925743,9.484415480058962,-7.027284524173275,-6.420623619074286,1.5426531224607412,5.1859204029521155,2.7826628375261846,-1.4929455767111794,-6.796447938238602,-9.143477813241091,5.062314690291392,8.023613449119956,-3.3338450456566044,0.5804090230866674,7.788606090263703,2.9799068322129183,-8.609239649068158,7
-6.823382311254907,-6.782843429033397,0.6411530870097205,-8.212657005160436,-9.581956146490077,-10.148114474662195,-4.624374580212464,-4.718193137702928,-9.960673145166192,4.6619166726295385,-3.9984264052425447,4.637849162095461,2.2029467904521662,-7.594263357134062,8.962001663983624,3.9982246802785832,-7.611483648375104,8.040419862011776,9.208946046870881,-6.229288461556653,5
6.815416361620073,1.1112832074761823,-2.782433230685921,-1.4361549446489668,6.016958901092822,-8.445831285910888,8.123254719311145,6.1581906240287045,-4.587996477553896,5.0534378132849005,-0.6612546913687909,7.75166524879732,-9.36629321112538,1.332533002344575,4.79268220439328,-6.179268029402922,3.919605626504035,3.4717400247578287,-5.500926674764007,7.93702823610011,6
4.2493926069830374,2.6615697100690103,1.1831840441188461,2.850919144801615,7.05403586155011,-5.65936635397383,-7.137738985603155,-2.0958277008739383,8.568145721006088,-8.566943074472402,4.747388129118188,-5.651072414749923,4.376631819829085,-5.718626231798776,4.330730076915294,1.9406927117584554,2.5082283879621707,-5.499068962271005,7.132051913180932,-1.0022333841777553,2
4.769459996291214,2.983985571809694,0.43053635631097076,4.840586677325597,8.9489557281711,-6.0276126058966915,-7.871934250579232,-2.449495408215629,8.485069846766354,-6.3097365761705975,4.967156038562808,-3.776211179393596,1.2156977575311632,-3.447640236192818,3.7183215224610744,1.483524941497597,1.0398181274998126,-8.521021275567296,8.353501049144022,-0.36663420358920285,2
-5.637353794885875,9.433184817832537,4.028925018700302,-3.03663966285548,-5.755445054591304,-10.219703657227564,-2.4776083463510434,-4.200528759692833,6.232168030589192,0.17115796555330998,9.167447445878892,-8.337813806658689,-4.876893111927508,-10.71014524156611,-0.9010992004671421,0.740565530568619,3.9087337552358083,3.3351224419808716,9.855107423735774,2.833633608776841,4
-6.414136327330552,-6.177107797068528,1.3026523532342908,-8.122061522612547,-11.187781609773957,-9.414970978175623,-2.201199772450684,-3.807013340193634,-9.959449215828862,5.289473828398763,-5.028597172980468,5.678451598962859,1.2598500683608358,-8.931464333810865,9.085558976930884,4.293818330511649,-8.76701249328054,8.116656385972771,8.958486351165957,-10.016372621322008,5
-5.861271610373686,-7.082035641586414,1.6565788425886725,-8.410303943520747,-10.585561471438991,-9.751685306445038,-2.2600002709834843,-4.8053637302250705,-9.886251561314948,5.002927176954944,-4.582711863639238,3.8988092630041695,3.740912128617352,-8.376021972587587,8.355449453841148,5.606385522941724,-7.350351642754425,7.58291146641298,9.591846565880362,-7.857627186877376,5
6.32831745318576,0.5359664810843355,-2.4561844193276943,0.5711552662459063,5.691646820150529,-6.60091039255534,7.266950090798163,3.291197794515018,-6.223778997608579,4.123200704846221,0.22646584270081901,4.544308061160941,-8.852846765867968,0.3609645919163199,5.615559616548277,-6.156547534761871,2.8293478634116136,5.503903108505476,-3.8633401045086746,6.146860878132069,6
1.008354241456265,2.0641025685578294,-7.179568441094507,2.5401528729814737,9.460500390248223,-7.415182479442235,-6.886561626424547,2.6655797338560445,3.709063848091745,2.716341136290698,0.21463016485073244,-9.14212596639479,-7.687178499660058,6.315696790161244,5.214553741931938,-3.3266973067290624,-2.12208839521948,9.080499595601166,4.389878059786124,-8.297246751537653,7
5.891777554676056,2.6647323214560563,1.8322610827481451,3.770986388560721,8.21877328296462,-4.866848854994929,-5.975785923371403,-1.7892225314066843,10.373796044498384,-6.824669119937353,2.5022242483189423,-3.8374759361656285,2.4562246138769392,-3.515390567015982,5.424832604539723,3.9252780369016325,1.090365531784888,-7.642997463083673,7.790423880380203,-1.0704119177671598,2
6.375492452366468,3.4012808767115734,3.730532087289819,2.547248022040767,7.275715758641436,-4.410065095417112,-7.512503221830646,-1.02777972002458,8.99489783048383,-8.21110772469165,5.236500424227611,-5.192209370087889,3.2236535610960404,-3.846284787364627,1.8369335036764496,0.6641568719943991,-0.8713659265945002,-7.233678771993894,6.990518947024205,-0.9629077037742508,2
5.39274639834228,2.21495814174037,1.9484505133762413,2.228465850861762,8.220937886037573,-5.6901545457998415,-6.348128634306429,-1.649947980932256,8.29357225115655,-7.489283210645551,4.521368931416324,-2.2931224620321147,3.5691517979306875,-3.7158743219976724,6.11034655535343,3.2920943751025495,-1.358651277790154,-7.390021621144346,6.318903712501857,0.40446692046094923,2
7.071335442665451,3.0619072209795966,-5.107129950460754,-1.5436790802882485,5.942997028749936,-7.400224905058296,6.616258398158573,6.031397401493982,-4.95460150492146,5.279157668581671,-0.018493133854845953,5.852103478954162,-8.335925208051084,1.5919433152111773,8.333214141637203,-6.803339293888798,4.481485979538413,6.284017072195592,-4.660799529808539,8.492985891617792,6
5.000135875922279,3.591160647295086,1.8634171458723363,1.8350540932099297,9.529989496659407,-3.9375083629138232,-7.472270945202583,-0.9463685186433657,8.418185628733188,-7.170327865599143,2.916968500349367,-4.380899264361508,2.0472941028305227,-3.2526183853928003,4.06299554865744,2.865928566006322,-0.8547127637706269,-9.205390744243113,6.524999883593351,-2.6276015975723865,2
9.700176342037532,-3.6808019533143908,-7.306991778728352,-6.166589563365559,1.1493697134507608,9.0840313928613,7.619604388113862,-5.055919386962835,-0.8428145745703356,-0.6589968295598428,-0.9221200633360032,-4.83103046147308,-3.216428870178503,11.583957916607693,-5.672787732658216,2.304684094335673,2.319242634401756,-7.0988166291522665,1.4401298853435511,-1.6245566073258,3
9.134962011211238,-2.368209876944898,-7.640713854999586,-8.203177618536806,0.35216879866280326,9.466040338508748,6.829990178225666,-4.022528717681878,-0.5377077237716062,-0.8340990213936865,-2.5200434195240913,-4.38431521644875,-5.963996030952624,8.439682780586274,-7.285710900794018,2.7594686530866936,5.202177518065312,-6.504504690607656,-0.3912200831977003,-1.0023114965498126,3
7.924316813847324,4.672738930160683,3.4350764759234913,3.873860344556025,7.691180723002457,-4.891956373212778,-7.699646058282186,-2.1702009781632627,8.277954717910923,-5.193032376131914,3.8215146567997116,-4.419729046818529,3.3431171317635013,-4.2513458279544825,4.432466576039539,2.199629485471422,0.37672705598381523,-7.590671560450201,9.517961454593596,2.1484100602308067,2
-2.8588756953993224,2.6205300431231793,1.106772515108851,-0.21638690358710444,2.442296334248492,-5.485221618996269,5.688751170507368,7.590843364181575,-7.240293403035599,-7.25008375092731,5.838991327970137,0.6041093705419016,-6.131745040399023,8.762099662901916,-0.41611845135057024,-2.911997400216905,4.929537688348823,8.134337178252537,0.706526001693454,-0.6029486513846511,1
0.017943760936711947,4.815526424852147,-6.774188751735095,2.841707512592608,9.630024096483842,-8.607142815606396,-7.594303642221574,2.4756921081765997,3.2411783750680554,3.7141212472971197,-2.2549379885512706,-8.926710206525811,-9.271622137454568,5.1940025180101035,5.893830721747566,-3.1496365698783184,0.08896913729153144,8.680588674781996,2.0258960550681913,-7.324413144499199,7
-4.3447167833136895,10.950319580265045,3.2200867049013877,-3.2662898843544643,-5.258256264195602,-7.812578187848718,-3.389491021653258,-5.777191209225446,5.212923072478796,-0.5342502966753724,9.130439208347987,-9.522857385689706,-7.002762778382219,-8.082685277373606,-1.2714399055895278,0.6209018620000384,0.4364173093239302,2.122876226160201,10.339731732540805,1.339596857827621,4
-0.6273053820167933,5.648300311265459,1.6662849079392612,-1.083941220747896,2.693720769288546,-7.111801912665292,4.1058563646126425,5.203927313038527,-5.086493448590893,-6.023603215995793,5.678777944293657,1.2143181281376139,-5.458962128291481,8.137992394386782,1.3699239661594986,-1.9425424034863292,2.78077213776506,8.89877925912797,0.04020603856839222,-0.7687471235182178,1
-4.565126730631865,9.834597753931886,7.943062183038352,4.388372984167664,7.408678094651912,-7.478098944823761,2.514111141222005,-7.987111406313472,0.6861612698435438,7.402329821802519,-4.699175813965688,-10.632173590600166,-6.3029869200618664,4.834631539615407,-2.073855790731508,8.823671796599065,10.027465694306024,-1.742885732929529,-1.1502189761539765,-0.8689888526561544,0
-2.8261521993013936,3.5794972438387407,1.5510619825035552,-1.8102175772280507,1.7613799593642916,-6.20447310304545,7.248980876817425,6.813007994626711,-6.251045215020754,-6.975909034330043,6.740734227118975,-0.4852262322697929,-6.550713457440015,8.69279057148261,-0.6012087629454406,-1.7254126110325787,4.1728060477929425,11.304324022886224,1.4468508195390672,-0.5570501324777077,1
-6.623016776374367,-7.470438855076476,-0.05839568845045845,-9.311613950760774,-8.660994644183193,-11.304682575188354,-2.9844145032228138,-4.66534223855944,-10.581187329199143,6.373723205943223,-5.348389844270661,3.6870007792604502,2.1956935470439083,-5.6510648644325325,7.529855786647703,5.3135780132634345,-6.11243027114163,7.137809588928469,9.400701597618506,-8.570364559005794,5
-0.447509165232413,2.72609930878328,-6.085860185152433,1.0869078691316947,7.766355157678705,-8.677304517110576,-6.503398003930689,2.682627084082223,2.4563073962309945,2.3924590820595695,0.08662924905875469,-7.8753678249378165,-10.343762074673482,5.962634399575955,5.6996357928877535,-1.5965722690730368,0.13253023062143726,10.210675390463912,3.745746567576137,-9.19437777448888,7
-3.4113347714627924,4.045334063420243,2.0949326858045616,-2.1540653681001656,2.8660411637254533,-6.55965854214005,5.766611586426533,6.2520111673256755,-7.7754643912211545,-6.3439068102474865,5.2144987046121525,-1.269468380433742,-6.205903152297308,7.898543117446948,-0.4750759427766045,-2.016469992297855,3.158791247291972,9.78621710615239,0.9358709199176645,-0.6741893562896857,1
9.105731038328146,-0.01654132680226117,-2.5382253728814272,-0.9875987502018024,6.319022175437379,-8.20366322478107,7.517339119896013,5.1705303900541475,-6.801187509944858,6.229474584789079,1.306004316893742,6.69041184017548,-8.997202586812683,0.9835070161910532,4.631075213280501,-10.143110544344818,3.0978984665723837,6.355975071622433,-4.476235744706449,6.9731773748333765,6
0.11259635282077388,3.0719239550118473,-5.938269936213032,3.314972351310349,8.098425551699295,-6.566001398399767,-7.426086286957525,-0.27039889751474955,4.881502600250155,1.4334679338708798,0.38758929043253776,-9.972876198105093,-7.926745050814623,4.083881653918198,7.138608526077554,-3.9468805039760273,0.02443662343037406,10.245106847326214,4.8175567644154205,-7.28544780135097,7
9.494967197214555,-0.13968728630879323,-4.576331826746464,-0.5774298356126512,6.116075705828766,-7.510350470095309,8.34136051545644,4.188787779671092,-6.246980777243344,6.108526602715114,1.8303409069174286,7.471452230178965,-9.028529697933775,-0.037720805118373724,7.6177720636632005,-5.906147379091749,2.9418222679407977,3.8795234128508556,-4.3675457801106905,7.415653865432651,6
-3.8327258857991144,11.407327817524546,1.880021620572101,-5.226941330238927,-8.941211874007346,-10.444955257713023,-1.7120948731186059,-6.907837354189249,4.389859783454356,-0.34214249790273754,8.801427201925208,-9.574970111833093,-6.017960610459902,-7.988463602193249,-0.7969323139508296,1.436662715086023,-1.4299110285167227,0.7631786508930204,9.859722744845074,2.6371535979330623,4
4.7518205886441205,4.033813856964765,1.9767305222340579,2.672065475402809,7.931386278327872,-4.164218064049999,-7.120273098269836,-3.030355646670975,8.845365344159122,-7.591105223004467,3.0778629115248033,-4.060695491946289,3.496629956027766,-4.38949334179756,3.8200196383875564,0.6621394769920255,1.2824998304572108,-7.485707620143115,6.106702363081393,0.09759895544653657,2
-2.4245228403395633,6.0597274097437905,1.1487128908433106,-2.1709159324910914,3.4376431525598123,-8.658883872341983,3.9567433155566256,7.747776430875724,-6.029788025433595,-4.522184058930268,6.842136635203625,-2.2308930649766263,-6.878869149795554,8.897137957004764,-2.0765796243304138,-3.0065956166445695,1.857800063226579,9.546173742503774,0.8427147894518863,-1.1293422973124063,1
-4.207843881307702,8.942193250877331,8.207104855975524,5.361266107913699,7.1792007539782725,-6.774791658650443,1.175456487733309,-9.804356862980905,1.4967787736150409,6.924551511735588,-4.477531624578576,-8.531726661837736,-8.210240250369814,5.3383243744637365,0.5007617257888701,6.773013268021589,10.960965949468434,-3.136325727052267,-0.4049088066606904,-2.4968907073017386,0
-5.90997609816626,10.451945309728725,3.6672573932884696,-2.974322872450568,-7.032422715322192,-8.00019793380586,-2.55393757814398,-4.078245281224204,7.48727170166408,-0.46162946259074256,8.499250293077795,-8.64116801526473,-5.044043530058348,-8.632912029656946,-2.452468225164922,2.1605365422314273,0.02200315317098181,0.6891655333467749,8.27119172185453,1.663524311745204,4
-1.2713064307979964,4.711245403943416,0.28522626780538474,-2.626623333749492,4.109081821298523,-5.098503602379285,2.801350726037286,6.116677063519032,-7.391140424213159,-5.845653373458841,6.168331142410491,-2.538403629955054,-5.148609873764479,10.73474327530903,-1.288551519526437,-1.6336567358277638,3.8348864831179013,9.42547074157076,1.910905197871835,-0.6853544767479917,1
-0.5719082376335246,2.7353261876117867,-7.038666718350429,2.0181503715385825,9.32669586005875,-8.209211366227821,-4.904983834288296,2.4104476943001125,2.286527951224942,0.35228822866843124,-0.45860512077364196,-8.924996221451531,-9.63692358753883,5.814350753590813,7.54024008837721,-3.274298381472518,-0.7500227161960942,9.703189934171652,4.4380952436054075,-6.846405666440212,7
-0.355460147326029,1.917313740750422,-4.877820241261078,3.251053830294155,7.965723979597274,-8.296160635064858,-6.542445977187384,2.1038857628755623,3.9732781574897844,2.5592986993578744,-0.5429694848830707,-9.59875949069366,-9.655248388704605,8.235408681322697,5.053017015779437,-3.486032827171945,-2.0486830549094845,9.131407299219491,4.163442720310218,-7.463841753723061,7
-3.838981662585419,8.921795997599977,4.849967604117953,-3.654616134535069,-7.686240808379503,-8.007664869772197,-3.8321729512063607,-6.8031640950837895,4.661748794957884,-1.9405734817339069,10.382711447099071,-8.789178944100327,-5.703074144743265,-8.925109910423537,-2.7212951238711396,3.0259276305273035,1.6434860620019673,2.1521986272443,10.022301523614773,3.0537210020241785,4
-0.9703633009867818,2.941651401860743,-0.41940902717663664,-1.6137430946301476,2.5276045943446253,-7.135522830091821,6.284766297407576,6.049701270297044,-6.992045712835527,-6.963119981319365,8.703662834951244,-0.5706853947434836,-6.284929781372752,10.007847524989177,-1.1799648006654184,-2.125276492689072,2.44263419716145,11.904709902779317,1.3654763846995666,-1.4703718354475757,1
-5.481055901476466,10.153910880111248,7.234552801872297,5.124540898787885,8.814956085029712,-7.513840929668619,1.0680359271463407,-9.772423501096482,1.859923364696673,4.924356475638426,-3.078308453240906,-8.51124984397705,-6.132955397414682,4.326787044196712,0.533962324777995,7.587466700973663,10.013268646524207,-3.7593359934126993,-0.7646185664412177,-3.787927315967701,0
6.758233887602993,0.21582043477427737,-1.7237632445078972,-1.5338787177735402,5.607349007933569,-6.320917933215162,8.605364162568257,5.4286776393588125,-4.569166836440564,4.005082678510922,-1.676228847541498,7.967255944912404,-11.21083989248834,3.4251122372578977,4.303591823705876,-7.616499631544338,6.582904043677553,4.5249901430499335,-2.9849725490690995,8.667549789357057,6
-5.999973898126321,-5.477885931571686,0.902653121041262,-9.348284281079415,-9.871201759679693,-10.312989996524077,-4.357810405684708,-4.294895346537846,-8.029729821969411,5.022507756513588,-4.600152966304407,6.205859350314956,2.330956283570539,-6.164267121036202,9.540561560678082,6.442398801275811,-6.1391531490974005,5.821600312509621,8.29242682342881,-8.549546712389478,5
9.222501924639017,-1.7401914862236993,-6.8326470610068295,-6.78235094075894,0.3199362721006649,9.297063613433064,8.387569195722232,-5.206417244217579,1.9927405482902039,-0.560702488655405,-2.048181944720672,-4.436167293244737,-6.173350233593636,8.370837464638957,-7.371876264067685,0.559596626479175,2.503708801166332,-6.713359107686264,-0.4044475713962489,-1.119944673104834,3
-0.7271286110007653,4.563540094541442,1.6826755357878582,-3.231260525451267,3.416833745110402,-4.8971358660107995,5.244680095046148,8.27854459644594,-7.085497170987416,-6.985161378659491,7.9583779607694405,-1.1104207238289276,-4.573125640170668,9.957422331651825,-1.1698608783681523,-3.3117510748432597,3.544108407351573,8.023614479827817,2.5071647035267244,0.8782180611328101,1
9.17350840716209,0.8085073148878297,-4.800408856463625,0.33514614113759866,4.38182011190701,-8.54688305738293,9.458755164234843,8.085650228947465,-8.087735228381915,3.931492245502066,-1.6169371124122687,5.213396481736282,-11.107234406483194,0.7142932093364414,5.568494576711249,-6.504862376034642,4.2146161615919775,3.7339420683073397,-2.5736171576515185,7.2234474832860815,6
5.417207385110387,3.5934435228010573,1.7751008098014576,3.9583974011193828,9.964251935282107,-4.477895045006588,-7.47896991200286,-1.1014602808819238,7.61349943738977,-6.717214181023834,3.1914798999871965,-4.402685030293089,2.70435081361201,-4.032266492842661,5.197799466947043,2.546418495089259,2.76724758926916,-7.312839815419053,10.470601230380874,-1.483482377864251,2
2.617833951220359,3.5635168618733037,-5.354398751693988,2.445882097020835,7.4420690817211606,-6.186369718312771,-7.068110616988216,1.6147437658114068,4.696016606333159,3.9936524752969236,0.9835498811495826,-6.887026926691215,-8.52170386957106,7.30948701949154,6.980368976216206,-2.857060574850322,1.1885499033202553,10.57106110238422,5.318798896400838,-8.173932052432724,7
-3.222261052101623,8.81123454287412,7.721610974249668,6.4603428861345655,6.897109837975374,-7.302524172609151,1.986907007390927,-9.2228522547077,2.9429907847568333,6.0997757843722695,-4.621428946430179,-12.248175812499712,-6.8852299200703175,7.430884024662149,-0.3577469455632053,7.332354621925868,7.9724287115804096,-1.5815572396486335,0.07947487676811527,-2.6783223590610623,0
-0.8359360491631563,2.884636540367173,-5.265200812006702,3.894092569469324,10.19277727109109,-8.253070139359352,-5.8267472010639,1.7807511285737478,3.810857826198174,3.1081455609464514,-0.6939041421044643,-8.627126921691,-9.15927358912798,6.210472359560916,5.96549621834345,-4.861121032957356,-0.5088921983020838,7.805405258332684,4.719594849140814,-10.18144255126817,7
7.658208137461261,1.1009825823733996,-4.211402966216308,-0.5708050790976842,3.8297075444417805,-8.537571678096745,6.03508036484054,5.528182974166362,-5.598466714662517,5.566156671899287,0.6669676263155253,6.158058964822939,-11.206032255174806,3.3450322755666133,6.636904763346081,-7.303610358469321,4.028474811628516,5.805429490376152,-6.349013833711074,8.268604069301151,6
-2.522291484955616,4.231183916250664,0.44262561948410795,-1.5376874877358022,3.4085262852997347,-5.077563430856352,6.235773609414969,6.700720928398619,-6.25041576797923,-6.486054920482221,7.717347694498288,0.3006905457553375,-5.826186211087517,9.003847382173834,-1.9220571639275916,-1.876826130940393,2.358942175028479,8.16859208811091,1.7064881035287645,-1.7841990607189238,1
-0.6982940840643136,1.5499891083053943,-7.4085201290667015,3.1247819435363935,8.158269631171098,-7.5828782951445834,-5.983012025777376,1.9749274148559322,5.756229538761454,1.4291786366743366,-0.18863144938497664,-10.853953818043856,-11.049465595568044,7.130429645843531,4.391162000142388,-4.396823322416636,-0.9076144950870504,8.74107164952487,3.9363748621630443,-8.376061791441414,7
-0.5672411585063682,1.503540635695043,-5.308989772555499,1.363064563288922,10.10570745309362,-8.425011030358169,-7.523749494205975,1.237016472562389,3.6597178688552083,1.5626535885306534,-0.2721651282116404,-9.521167926576519,-7.704438610508692,6.481428408555275,6.1147388688058655,-4.981257819161231,0.1369777100862588,9.866960793440633,5.494088423452364,-6.95029659447277,7
-7.623828784304604,-6.290646130991606,-0.9685531127099589,-10.21820994152873,-9.186058606504268,-9.978017988538122,-3.156470149414444,-3.0221024836859582,-8.183862995376437,7.077009301679295,-5.872406974200653,2.6532454601498126,1.309535406662217,-6.010055626514559,7.971623527323866,5.430078815349079,-7.138578423991593,7.502090566372548,9.08128823325931,-5.814802960906407,5
5.987641584271494,2.6673514464620185,2.7016191051146965,3.0621235121263966,6.333339971104718,-6.197602301403516,-7.223918871677242,-2.7408698135363156,9.099280905758276,-7.572993171002956,3.410188584713157,-4.38137851654397,3.256358371111555,-3.5330002088727332,3.4808165775328344,0.49018865792501765,2.0987366086917327,-7.082936303765797,6.612721472463408,-0.7629172267383877,2
-6.998045995800977,-6.168199367419833,0.286351192512889,-6.323731575799522,-8.89136681101393,-11.451289840324732,-1.8334335415548968,-3.383637932489906,-10.302147273024227,5.906960952110878,-4.3638144619986905,3.114526300303579,3.55051017302012,-5.49127432323624,9.80436756037514,3.084251519235176,-6.964938483124144,5.970859541416154,9.551955349917668,-7.46996546599969,5
-5.842717204418691,-5.607116304004903,-1.2291683512503415,-6.6025433457600515,-8.66159127051974,-10.67699657198015,-5.767828393677606,-5.042110317715438,-9.43249942611311,5.398801438805463,-5.650448208378,3.5939443743125654,1.225247412896132,-7.571597562366769,8.712976832742983,5.554765030118055,-6.516330160989898,7.767291795544794,7.64047705246901,-6.749033467660288,5
-1.244966302271151,1.7704400195733931,-5.762290509836651,2.2793796268167945,8.094008223576367,-7.512057134796388,-7.011385075389698,0.1779614270212404,3.643489714065545,1.9351573729000149,-2.0928826388924566,-8.423068898306884,-9.040847265993818,6.861075432044499,6.118137705385967,-3.433377072347085,-1.4044737706696024,8.577445591946324,4.458678170880057,-7.856043930542811,7
0.9189339858180632,2.8675997262950417,-7.358193927692127,2.2504607626562843,10.906633083386103,-8.802698915310609,-7.750619016008152,1.9602433377100221,2.578511294014053,2.3912149701572707,-0.3304408796274895,-8.436143740389667,-9.837059570475327,4.394211819772367,6.666082405696769,-2.8872186293776636,-0.7060640812227039,8.308556108420229,3.6817862945012645,-7.148079314073186,7
-1.2323704636499904,4.058197032122899,0.7643975245524075,-0.27138182382198783,3.766618107566732,-7.008132491507089,7.002169923363841,7.006710505160261,-6.276827231346162,-5.545749173455089,7.29262947055446,-0.2950069964090696,-7.358983099742751,9.784390513060789,-0.16593295127054053,-4.479417013553332,3.5633696830948427,11.934538871612364,1.1949234465054117,0.730005231804516,1
5.868021010674074,0.8096830757099549,-3.0235886203781708,-0.8328176906142778,5.46769122531823,-6.460684596494584,8.642354207299643,5.056333151089446,-5.5286160846163845,3.929130498081684,2.2734288940267335,6.464804522611102,-10.773244804001827,2.3287191759552397,6.677462572483128,-5.3295611723721965,4.266106533362653,5.365759751006867,-4.39880728298022,7.821521215221802,6
-5.210652746826989,-6.734884576022283,0.8483241542156853,-8.444372064248991,-9.214645532106333,-9.120828319063344,-2.6048284960725714,-5.986700234888817,-10.153918309065123,3.6484723179008363,-5.9527525747808205,4.747980631085122,1.178399497399608,-6.326011111901347,9.174561367940088,4.6978614422636165,-9.448013297951436,8.362444968049125,9.928922877366759,-8.930386061213099,5
-3.955758008059315,10.138331132134802,6.322249880366149,4.0963834637378636,9.06305471466295,-6.124929035214871,2.8506778857850263,-9.419972473224314,2.204457098469047,7.153617212437822,-1.9969721875222315,-9.439928516993751,-7.496484551882684,4.284943510601935,-1.2843686233645393,7.005948856914063,7.9547770308176835,-2.8018243907290117,-1.1783748408947692,-1.0647953486323565,0
-2.4750225275639695,4.114768711700162,1.9260706916811874,-2.8281736461988083,3.225001912686909,-6.797700026676859,3.3200473152364887,6.8588738035745,-5.9963554397128425,-6.8633545649414485,7.540610010283667,-1.1166465422655047,-5.744515250711127,10.05208881809402,2.125348664715267,-2.3400323264261815,2.784094973219445,9.478921442617647,0.024031373200275485,1.6773611281482017,1
-5.481730726468677,10.457012201564549,2.211574425858477,-2.3616194809007656,-7.235199995257364,-8.702375204578164,-3.1397487817244096,-5.296400963642616,6.810496107778908,-0.5841821212058457,10.612031042355104,-10.112269918170703,-5.714368698754992,-9.048198272287184,-1.5884159962911495,1.506197135908785,0.7688997066924268,0.06368829235203388,9.6917334911098,3.0647521890850222,4
9.87422548485843,-3.0395937805115922,-6.6967280503794315,-8.493994647080907,0.707784304090199,9.170629494139,7.37856138031025,-3.930767413508529,-0.42367588321373295,-1.8789042828651434,-3.055434803799772,-4.770981823956992,-7.789290526060756,8.125576588227878,-6.852850850512039,3.460392493607776,3.5009902377176694,-5.453577103841543,1.6443841510186719,-1.5347548762172294,3
8.47328625272777,-4.2836928158462895,-7.165595847572686,-6.456854041193422,0.3373357619741091,8.974973599390726,8.784516540540832,-4.958400563689842,-0.422643549874576,-0.26250961980411325,0.1371688744749977,-5.9894415174512075,-6.2895129422687575,9.06344297426757,-7.242324834722751,0.9426259835371616,6.779190242125634,-7.090925203529227,1.7013557040498826,-2.5836405303667807,3
4.541501876298395,3.118984861823799,2.054938899755931,3.319751720799042,8.571885524700798,-7.16665645317571,-5.642886733236969,0.6636054694081577,7.3623692826331695,-8.621712287940444,1.9177706450810716,-3.62744098848983,2.4353568994491215,-4.192357128867574,5.035598982245148,2.016554454237588,1.589188446208205,-5.753101005781634,8.615777186027692,0.7846188729331025,2
-3.7636678338715064,8.644548052138886,8.102036731242489,5.951190669039366,5.289304386884512,-6.603301621486558,0.5341907141287827,-10.412633250399093,2.885752784091565,7.838253824589397,-5.9074693512819945,-9.028779027452542,-6.021197997701037,5.072303410493726,-0.024721104515706194,7.243662260592155,7.07268776135654,-4.188450789092095,1.5002581879924322,-3.8043469590053935,0
8.869315833386793,-2.292616163291937,-8.71522848851683,-7.052673942413054,-1.7599116540739308,9.669939052031301,7.245390239293229,-2.6796077497994046,0.8271926174028017,-0.7241149627036574,-2.686421438701473,-6.49489722437865,-6.461299624283387,9.663931187930173,-8.061784901347655,1.9952505437413086,3.4809643953267013,-6.227779251461893,-0.7562865777216851,-0.2376631617125825,3
-3.193776003408762,9.318574884677533,7.624704093164572,5.380192527890736,5.578005374596146,-5.538674294187127,0.4997042591840366,-9.324622223230588,4.141647427126102,7.36752092210094,-5.041429276902939,-9.23323586340736,-5.819202713337203,6.768784210318352,-2.3017618358615444,7.8894756565605215,7.522804218445629,-4.665034445310088,-0.10913287473398814,-2.5047882082930073,0
-4.325130983485838,11.523896771119736,2.1018325931331097,-2.8165255967120726,-8.284948561301114,-8.155278495320411,-4.173658861749115,-5.200969700422762,6.512569294994962,-2.895719340441118,8.482485378115491,-10.017052051053254,-6.2683731070002855,-7.397973376164382,-2.0156696589376315,1.1206757175191229,0.13255166765791493,1.2817804214410424,8.912176733365222,4.989118440129122,4
10.110227012309686,-1.3572033151677048,-7.907272010356047,-7.533297176237284,0.5236807547050879,8.433046226112365,6.892749985305328,-3.8480760513397385,1.2476353774323041,-1.9462512257455422,-3.7861105094670253,-5.163995726986699,-7.215795866386287,9.687974191991934,-7.003395921182916,0.5910266588051365,3.4104229639052637,-6.348079793390204,0.17155461876341407,1.0761870709170807,3
-4.146959043551267,8.998044547126119,5.892092912535789,5.405169901496342,6.12791440571411,-7.211531999401904,1.7277063714514214,-10.554806808863566,1.3974309829319345,6.088420830233901,-3.7372148921031596,-8.36747674621761,-5.276020688027231,6.201933072086076,-0.7976402592671805,8.0103131107782,10.018475611475667,-4.281191731327473,-0.8457194234155969,-3.640219896968906,0
-4.209135547119443,8.62929684374619,7.096423576218177,6.504162394414124,7.346528978142423,-6.682772150544284,1.5816673935060512,-9.82430839261535,2.2071223772567983,5.540763040766584,-4.615247566226311,-10.361695799751175,-6.170819902628094,5.23915336222667,-1.4272924678469705,7.435502109616451,7.460046696464957,-3.584649864083035,0.006019574285050622,-4.6595745718756145,0
-5.945595640819069,-5.435769801098786,0.275315168992977,-7.8187833159753035,-8.504597475462804,-8.013081525474757,-4.094642783005192,-4.675766527604373,-9.053378428479606,4.847026299577737,-6.428743022299297,4.954193669316016,2.047487592158681,-6.107074901118478,9.084502552804958,5.338218667717047,-6.466455886568144,7.529672665382132,7.98633431903795,-7.219211874107816,5
-4.266983726985057,8.120900600859986,8.047587317651354,5.165958731318863,6.558599259353136,-7.6027144092877705,2.5284223755437747,-8.587282225110494,5.5610538804530485,7.143243383116125,-5.233892196952635,-9.946752471976579,-5.36728500759812,4.823956533944348,-0.886348094828897,5.9889366450265955,8.528225146601697,-4.5640853537429535,-0.14272202903779718,-3.6248884393868592,0
8.146492224907798,1.477735295786671,-5.293624988720483,-0.7585644829663284,4.9734837074811855,-7.373898754753659,6.461959191979954,6.59183673760862,-7.255967045602329,4.363530466918781,-0.9049696290987774,5.135300697754268,-9.68221535867243,1.6495078682149598,5.945845041010359,-7.812368163241085,2.437136364409799,3.9609501245079093,-4.21614237528023,6.916627798452798,6
6.331003629200478,1.7926832013250393,1.6010894486116158,2.7738403314152866,7.697453043668301,-7.278356357147002,-7.99197250883974,-1.9228764519101975,8.593384298862292,-6.094230600552017,3.9599103886489284,-4.832126630925267,2.601981866651717,-3.4286767025206277,2.950903034821066,2.3600258296294503,0.25173744714014246,-9.01847819280632,9.017585872186778,0.04034439588763128,2
5.52302192332565,3.4105038556950342,1.9877404905169191,1.6357212376240715,7.946979943720178,-7.092633364077134,-7.508249843928739,-1.2751153895541973,9.605625953888351,-6.045448116464269,3.7361034206084787,-5.279997921844411,2.614652411871188,-4.458983414360299,3.444260552066856,2.180081446025465,-0.03784886163732348,-7.610587191240703,8.935104967472169,-1.2992304794291125,2
-1.4377521827713138,6.22631100601426,-0.17793003275108754,-2.2641591462151736,4.328995638825378,-7.697030528088899,4.941705528672335,6.456273659188122,-5.956358365192327,-6.663746171647,6.51466846494829,-0.025678161415399803,-4.891941833011642,9.550826425070301,-1.008171297601659,-2.094882741818572,2.1517522250105827,10.349259274841243,-0.554590861915961,-0.7078470457861481,1
5.236075186463221,4.991829018310154,3.348241290200497,3.3577030264457957,8.015316456320278,-4.302759008037294,-6.433512899070353,-2.270201917751293,7.803508874442597,-8.001558388688009,4.777313355600357,-4.46662364875702,3.087526344903151,-1.7882329682327236,4.892898818004263,1.4645166922955015,-0.36777865698799905,-7.819269085881677,8.930078295223982,-0.22778617420294142,2
-3.3208855518710254,9.644926103790072,6.281313363677679,6.229139720323994,6.134282908211953,-8.422300293966504,2.4585473748094513,-8.755196302251619,2.0050635151676244,5.230194777698203,-3.260361947519808,-11.90633381468988,-5.16396998974432,5.8655037159353265,-0.6240810737291611,8.733430740032107,11.377151948705936,-4.171753900538803,-1.864889964960447,-3.1459688601580926,0
-0.8096221181689542,4.858271992521554,1.92961911984355,-0.8703007751367936,2.9377120961432097,-6.988537312651147,5.562476670590534,6.588986006711286,-6.356955210785123,-6.777612620179528,7.291720758512382,-0.03583784852059746,-4.214079001999906,6.703766484690199,0.5211382554401012,-1.9439662716073944,5.956178143566605,8.105966029750887,1.4517831883769219,0.31310598428674563,1
10.899701161293411,-3.3101388081135434,-5.818954591507956,-8.061710769556228,-0.4268855415570667,9.982610323427284,5.949452923278946,-5.489880772096892,0.10824039245485303,0.4831802869223054,-2.2337699951421155,-6.515966917358836,-5.157614569106773,8.326854456942472,-7.875497819289144,1.3011889802278631,5.182796320915455,-7.174368575744102,-0.1342781308699703,-0.1851201403929683,3
-1.0165455907885406,3.3279197323159146,-7.063352528445627,2.8813174402536617,9.022528827278734,-7.31914014997871,-5.822444188374988,1.5049445988758579,3.6620776717157977,1.833674135350366,-0.1126920097301158,-8.388304930798382,-8.976767852354827,6.666810601255259,6.356041615261714,-3.7979654839024377,-0.6635518918967163,9.70014163885599,3.7144455268044254,-8.272813582834464,7
5.895145896196519,3.3940411986197607,2.664665578010376,2.2365544456648214,8.42869341592816,-5.378288763107761,-7.300272421202722,-1.199420197233745,9.197823680708888,-8.424393092007795,3.3488332967944614,-2.3633929804608664,2.4182729358096413,-3.7793980236525604,3.7078591625040547,-0.13884295556292114,1.667321953767362,-7.079605890922609,8.598875308807937,-1.3415209804317054,2
-0.8392958553029715,3.7350557392078256,-4.655283550650414,1.0501917915056356,6.9682804011789115,-6.861738937025417,-5.686143190858781,1.2220968161393682,3.9322765249653253,1.8200115629806224,-0.4296594907591842,-9.767655204845138,-10.766867738598176,6.366561936166761,6.388536665786504,-2.4985573680648203,0.1863836635458067,8.698927745732457,6.2833842639854005,-7.034252009783634,7
-1.928532076639019,9.471634003950498,8.47321333830375,5.2171109893782885,4.95918505144245,-7.783354950589173,2.0742534324606945,-8.744122940219748,1.7736355463682443,7.31021308961477,-3.8307056306734664,-11.103109999453073,-4.906794671686088,4.921598631750414,-1.3182729627767875,8.139358336879088,6.802466621756553,-2.5857791267204466,0.8291423142257068,-4.169920092240259,0
-2.6848030143112798,5.296863785644322,0.937216525574367,-1.5377880339902914,2.1718946730706503,-7.299883744411572,4.895716938603084,7.7934241079377955,-5.982146192316653,-5.618645110930157,8.188521889250755,-0.9635226944225126,-6.103613718197825,9.879963866410685,-0.8052006022343556,-2.4216063072534766,3.830933873765604,10.17316491086582,2.5036925595159367,-1.3743390765655117,1
-5.624206612738893,-6.992954210242691,-0.10154374624837231,-9.823875470561395,-9.24937764696226,-10.295157358726053,-1.3255317311077577,-4.424690106050451,-8.539680118592866,5.3496733592986985,-5.116586201332742,5.598363150640079,1.1943706929577673,-7.798268752918979,10.319874627391423,5.098628057210641,-7.693186553786567,5.801323052499278,7.363881124300658,-8.165986212455678,5
-3.431107412512958,8.50890601851456,6.0627053404836,4.556130530922369,6.303531669583978,-7.698887938190693,0.08044528213400981,-9.768252007600225,2.3126940459601593,6.741706814610311,-3.4449057530209686,-9.617254154818768,-6.819667348416163,5.336878070872401,-1.7433394102406559,6.816277691944034,8.612606145650274,-1.5958569973864387,-0.10707904188037543,-3.7882774005247897,0
-3.7516712613690064,9.91915035380902,4.589874479010955,-2.8138860525182063,-8.283254155204864,-9.305468186834805,-2.1291007245750846,-5.541105984043,6.867446556405005,-0.6238537744200094,9.619495526021256,-8.723336238912484,-5.3185484195783435,-8.408704568550052,-0.5245686603983427,2.1726363287706336,-0.7153792953218145,1.7942937039971396,10.516070663846753,2.151991115785173,4
-7.531391129245778,-5.576054821695449,1.4647152405220065,-10.413245249402616,-7.585872205509711,-8.172802169502493,-3.228155894710341,-5.217689318272356,-9.07714141733871,5.432155208114066,-7.7019625295544305,3.1365406407655883,3.3671003110440134,-10.079346730331116,7.527872145730164,4.726447754115595,-8.2978164022799,7.522914449890383,9.763271722089693,-7.082863027046709,5
6.225297550955839,4.095020974316232,2.9643819360569177,2.3424435920102935,9.023705583476419,-4.907265371706004,-6.268756116570721,-0.43823383940086513,10.121541915140458,-6.921317801963429,3.863721850205128,-3.142964069158318,3.9699820206481355,-1.6245967023122807,1.6402521986805003,2.1288403215057117,-0.6923902496746901,-7.757575292834777,9.32259466591933,-0.1673778837118495,2
-3.298546214715609,7.630953149882715,5.977266251282999,4.2356074445069405,3.995089139832057,-6.847152469569195,1.3972320011122734,-9.918851547512,2.783585102827777,7.038024145605734,-3.5107280244402856,-10.81845774834125,-7.732130633706896,5.820592058335662,-0.23549024102382066,7.478710893684096,10.580817760999173,-2.802069143062816,0.3963041287074215,-4.475152422979701,0
-2.7095360502675465,5.200389239723284,0.4717861349990372,-1.51483065736352,3.048736154818084,-6.089580179794274,5.83086826924789,5.848691822377541,-6.772734897378822,-6.6356281419293905,7.28684105002769,-1.6527291700158513,-6.406889066112317,9.751531168281737,-1.5116620529923361,-2.645054394735874,3.322724367999483,10.773650090927019,2.306028440262859,1.4789371629677932,1
-0.057622065672043414,0.9168177941015929,-7.48554928377288,2.8205498923581285,7.925036696816088,-7.565735543216566,-7.90862003034951,1.3576112817869923,3.4064355129338115,1.945684305614914,-0.4769551855486078,-8.87464316202171,-9.908162482512905,6.273970993162863,5.477524924647417,-4.645624381262351,-0.9802083429261906,7.895532404341823,4.1452932927669455,-8.566538209275436,7
-3.498706932762782,9.623061020050208,2.758720826063265,-4.373860631200921,-8.286343701637438,-9.612262024506913,-3.3892551432790166,-4.860062248953376,4.880760009057278,-1.8730944932326055,10.274398407345181,-9.399615760611619,-6.220092235809448,-8.817513724538998,-1.070780175034317,1.6703986939546163,-0.5424764111983309,1.4019144003318722,10.084990804875419,2.731960859156706,4
-7.702767062687503,10.358489638757554,3.0837260456999536,-3.0246333164777517,-8.362123148997604,-9.312172870863046,0.29756821987572035,-6.0809784151401,8.130190897625313,-0.0007158022481038584,10.726950259717286,-10.558143810287204,-6.593110649912,-7.345436833773645,-0.42021645958092124,1.2944037309401792,0.8580372578073989,1.0719707249920032,9.449341959682297,4.079785311191984,4
-8.142553361970448,-6.009680396722275,-0.2790658111296474,-6.9686943067471905,-9.71325290069136,-10.094937996609172,-3.8682801239722524,-4.3554245374581315,-9.7620010839319,4.800605436594178,-5.02600433203511,5.677958574481204,1.796234304004063,-7.6778544518378435,8.053741964639274,4.658783781239139,-7.905836166226223,7.483854871502294,9.239057897654238,-9.038129678737786,5
9.385197664227197,-3.5245129800869637,-7.818710524874942,-5.230411865228133,-0.32060955778810707,10.037655971018028,5.523657896266742,-3.246430377914857,1.3046033756725506,0.06268049470992032,-3.752584747135473,-5.537903822621128,-5.468643129938372,8.746949353468093,-7.918251541392033,1.71935435082701,3.330024790500056,-6.974729331160457,-1.4220481495432202,-0.6953032446589874,3
7.5190915044462185,2.5399973749432343,-2.7749404577023826,-0.36482411190770325,6.391165540200786,-6.7959770492515625,8.880107493179517,4.505821176864062,-5.129547227296289,2.428939747536041,2.872652175475203,6.38128879054784,-10.136369319096676,-0.2284359191176737,6.545525385829436,-7.487610266402467,4.208342219164343,4.5570915688737035,-6.004209368255038,8.099123681788313,6
-3.8333478716843263,9.554738492832232,3.7611440900451605,-3.214427503301431,-9.20724505768794,-6.781732322503512,-3.849104520958459,-5.029152370853101,6.0667780907840845,-1.5702026704567373,10.42029253075868,-9.137397449103842,-6.822178289592999,-9.02162829636351,-1.926799190083747,3.2634932148040656,0.43216871197855455,1.5287381397653572,10.127525940913024,2.292787992078201,4
7.245130595975349,2.3367251108931746,-5.304786869101443,-0.5212714990396394,4.695612548025675,-9.113022340113309,8.577302008589083,3.459791535936997,-6.273299568642727,5.133813300392262,-0.024570024687825986,3.7814863858864443,-10.287982962265408,0.8456204981670521,6.681577345774359,-8.144158499582549,2.5415859340713287,5.978156929677036,-4.836366740943426,8.109296561200555,6
-6.0893947276370035,7.729148892577121,7.517973974772386,4.229124238451441,5.373031750219158,-10.043094092458286,1.4528897010534974,-11.161676108610472,2.398401624031781,6.514514543429825,-4.129963246214042,-10.670604744682592,-5.456349098289578,6.802810021656979,-2.8010534094636497,7.3559638556545215,9.419647228777771,-3.2335971753963366,0.83944301766316,-2.724555183425294,0
-4.488572665527675,9.523091475961827,5.707456712373584,6.306462876205327,6.684036194294436,-8.291134858497317,1.2411532351684986,-7.914684815234564,3.211886685424488,4.288892096130713,-3.75532795006401,-10.638256179755272,-6.048568586188655,6.260214602586479,-0.9337867820856496,9.135782790094854,9.539550996866652,-1.8031041913174093,-0.9735847819672528,-2.9789946776899057,0
6.98518758143115,-0.11231210253858248,-3.153796202887646,-0.22707383871072795,5.505269371516394,-6.680932958571317,9.14469833652836,3.6798818374058886,-5.3691675907160175,5.378678445251424,0.7524439681845172,4.963502028116357,-8.001751019677247,0.18355985887030957,6.662655065723127,-6.258108503858094,3.0199245291214143,5.780087937049156,-3.859267075598716,8.542751767630767,6
-5.932856930242534,10.43152004277708,3.421904997806932,-3.9420948913481686,-8.633877490902858,-7.7318643553163495,-4.752701896371163,-5.459681196939546,7.319328619425775,-0.9506317849283745,10.48539824400507,-10.425091657223339,-6.600011192665967,-10.432210704026197,-2.6294663488192453,1.8499444517300843,-0.45916586369569323,0.7918351569726809,10.240653191192933,2.2967593464796505,4
7.210229301224078,1.7047687419485946,-5.074309417535848,-0.7872424127697569,5.439454183930964,-6.4485117467606505,8.22527857047074,3.3104746987067495,-6.882252143811547,4.793478185498323,0.1348541212191047,6.3206574201451335,-7.980592547826167,1.0894726055718218,5.8981653804788525,-8.07145385097656,2.2576274140699337,4.123829513242603,-4.006719154524442,6.948498977754756,6
0.7881719049666747,6.070318187473479,0.34493533827012246,-2.87309476410007,3.6526986440584235,-7.723116667388663,4.539297313253098,7.746348403087558,-7.790598423887788,-8.273570034016892,7.261234244442829,-1.690009301495944,-4.932434252985251,9.524444709505152,0.25940336936532815,-2.7109814617487267,2.847480580605803,10.509704008780933,2.8224330697809332,-2.3837832082116464,1
-3.57513593196136,9.441771530729147,4.078924123427727,-2.630017842805344,-6.4958588912203945,-7.715803840357814,-4.7652326479373714,-4.852088553579981,6.070675559100115,-2.0445378088132777,8.806994135362842,-9.994396079984082,-7.535740104917409,-8.396340221454329,-2.341717896577812,0.996419066009413,0.2530316537247725,1.3602150535504152,10.15412376306811,3.717542695826081,4
4.154252207702619,4.52883816624678,1.4614562421670558,4.865100119948425,8.793496583958786,-6.094579153475168,-7.910508495786022,-1.670423283449872,8.11860150228359,-7.494142676805879,4.197540857719694,-4.510799588709531,3.544050260417655,-3.5305296359771976,3.1362258452283935,2.413453745342409,1.038721063130354,-9.126588713233247,8.166917787753693,-0.9427448512291146,2
-3.135171607630431,8.936768333376707,7.502391253205839,5.342030735035763,5.84869042179451,-7.258465786465783,1.1595893056288156,-9.64684106574871,2.4801425294224013,7.014530760948759,-2.9629053486887322,-9.660622202261901,-5.536700137419967,4.531545695144987,-0.5717902744516492,7.969618801276825,9.286949847498384,-4.735570711884711,-0.14149682365588545,-2.499280331521862,0
-2.322857485673517,3.8323109702016676,0.6395031855968685,-2.477966152393771,4.184038676679355,-5.086555042722169,4.6497916296798625,7.637496507803704,-5.027614689154784,-6.472416463442908,7.557689807055268,-1.1759977841479632,-7.162058898543418,7.959085909445986,-1.3700165662987693,-2.85533684740894,2.9880068884083553,11.063146678314993,1.9061843525411033,-2.1362329636678377,1
9.062645472395463,3.3758731634102923,-3.059134470099042,-0.38270209848283343,4.849046115488458,-7.180678455885412,8.918625540232611,6.495532942644002,-5.215908591871483,4.4769760204994355,-1.0693091897999,5.363996974002777,-8.990763596764802,1.5120175758276326,3.855580168392879,-7.809634817686465,4.6962890041712475,4.58822903802427,-5.634453745178335,7.962593213150522,6
8.308090787185465,-5.338925520259839,-8.577925322656556,-7.5630736571094115,-2.353363625357477,9.31116024047526,4.048560448135563,-5.407622359278152,0.2962693993670544,0.3507214460160124,-2.2175234802161725,-5.14485303787381,-6.6675492142397825,8.194987384973267,-5.643116632364533,2.78503686985314,5.464791815771301,-4.358893886554936,-0.6104172761239678,-0.8840618831988305,3
-3.3443239878448825,5.200220295376561,1.9927697379899976,-0.5092105419611079,4.960405531639237,-6.277795486296576,4.803928130726848,6.66017753716584,-7.769055493823094,-6.492307716475251,6.072462968837281,-0.16651009298725683,-7.035547726318505,9.812624328722723,-0.6298647415921266,-2.9333338716606048,4.656334291225736,9.693521456089655,0.8359705977329777,1.3307266958401838,1
-5.924738871148191,-5.6928602169906215,-0.4617922537718977,-7.257092961218035,-10.070919221508348,-8.936211749170484,-3.4559217884323723,-2.6001493099516084,-10.976227947927748,7.310489146916,-6.820039813722115,3.3594524369143364,1.950786696754601,-7.487116834865621,9.29688269540925,4.6860570529207255,-6.344563390266472,7.421094406211095,8.95809714591601,-6.966527416435995,5
0.25279557299446537,4.870692572226398,-5.1651573452683595,2.871568975870424,9.90607004999623,-8.29065220748864,-4.811997640262717,1.2206534864745322,4.627593089833429,1.5734386855973272,-0.6307435498717088,-8.55754725762675,-9.574414898649673,8.160131223491975,5.689606200727682,-5.6790918382810975,1.7994713369532591,8.222362450295279,1.8438850097930373,-7.718717484177537,7
-3.5506363542546997,10.08197129470119,7.073439292898052,4.643819278992878,7.534775771043589,-7.3289833072592225,0.9248219074704358,-10.69040460831788,1.6691089300182884,6.460193880088926,-4.496476350651902,-9.103528805136463,-8.12779397925889,5.587164324798306,-2.121156662575012,5.959184409293308,8.823980722649546,-3.2045577725791805,1.33297960543424,-1.9293416147399935,0
-3.1330629925073197,8.45829447757284,8.56383345227113,4.404774029048173,4.958282127201839,-6.509681993369247,1.2048492852208312,-9.14868748749752,2.4321541354604945,6.2944700605199015,-3.3246641308061164,-10.596895522609614,-6.7329593558378615,5.279966905477399,-1.8817649858960346,7.15602563558827,7.417679450562352,-2.760021000639248,1.5873290745114974,-3.080866113352297,0
-1.0137035783442943,1.3827851236465911,-5.821589498229329,2.8442842861247892,8.426590126366067,-6.577450715723465,-4.2663841151428,2.3451177834315926,4.2473797015491455,1.5642122180170441,-2.588897947302763,-11.491201135882418,-10.638034074689113,3.8831023946799172,6.147169780047893,-5.091956150088466,0.4041644554670788,8.64127112960579,4.10193281947494,-7.240261099566041,7
-3.559572990844023,9.079311894416461,4.393675498638671,-3.525897740522792,-7.559189162926495,-8.301490772598942,-3.608004413337899,-6.086987827484523,5.557384344616637,-1.3792805909482242,8.154574209273159,-8.06830059478949,-6.313756878562336,-9.16956286618498,-0.023442100983493974,2.2122521695766943,2.469924158177631,2.2957180706921996,11.037740218526631,3.22818280112574,4
6.515174846742753,1.758212678407008,-4.220987314279207,-2.7353491065800815,5.600938959579784,-7.950573412888327,7.867196178289174,4.867752602848518,-4.542035108990208,4.887595448922098,0.9504610932321644,6.175948554530288,-8.517206059099111,2.109359160920084,6.396103934786995,-6.984518174517174,3.662197346682966,6.404934904951909,-5.507304900646994,6.670424019298479,6
8.817588084857503,-2.5718090048824025,-6.894335506823532,-6.503518766594828,0.6063285926077226,10.399818598460106,7.211096853315824,-3.7887319106971034,-0.12782557415349521,1.0541302382432904,-3.090513294790465,-4.203477529472649,-6.081403107099983,10.281326568307104,-7.367217241238449,0.7627307796532332,4.048059832815181,-5.6212128777178725,-0.9341233076609612,-0.5221293559810989,3
-1.873867286138711,2.5015686445470235,-6.005803331881519,3.008713918488358,8.037460695879272,-7.844848033181619,-5.720733782732163,1.3132410036512443,3.5254391626870185,2.1937881796249292,-1.32608004149174,-9.294250381596788,-10.08160586249155,5.632084449351014,6.917812312399952,-3.5645455562339525,0.036040941737189136,8.964362199060838,3.2362912618844355,-7.749800843789628,7
8.809881502184885,-0.4130649505026469,-2.6029472367027053,-0.6155997485978029,4.010947524729357,-8.021137481790396,7.370716674033488,6.322551643254845,-4.808129740881878,3.084899654839548,0.10998880682023048,7.583389796750497,-8.20558205037774,1.2868752139311748,4.654879873820856,-7.174310437335818,3.0295199015125363,4.353148923285228,-3.852795512992358,7.549734493498341,6
-4.155640617136516,10.113276495832027,2.852614483162097,-3.781101552554185,-6.167649433176283,-10.276031525403523,-3.614615936028312,-3.6051235513640094,5.522275290895571,-1.4367631288759903,10.003606452641893,-8.506468205899626,-6.189283441960692,-8.045749163049521,0.07886836530617258,1.2669995822551567,-0.5051147921432881,0.8168174627199692,10.25448199523126,3.21140692964886,4
9.025972601661751,-5.5599569981441865,-5.90992391110348,-7.0056203525956855,-2.3061187947897435,8.708830398682197,6.84687512804264,-5.01856994241768,-0.04398356570557199,-0.6177354715630013,-2.465031622254065,-5.795749902361402,-8.425925385083822,7.192014386257609,-8.666496290399847,0.9195980757899133,4.433765558587569,-5.830111773224886,0.452627328320084,-1.5876217591193431,3
6.243979805715215,2.3135559698372177,0.5492320750098345,2.5225933986827602,7.601759686367263,-4.037014378184923,-7.26418814868031,-2.263532071097865,8.44205058649638,-8.282248021510641,3.401690951430068,-4.949868793054261,2.9121914075018434,-3.299747823616023,4.352943829330402,2.529421686706485,0.3490445281333844,-7.940168017192597,8.441363788832259,-0.13107378331741765,2
-5.212782624383349,10.384494622764864,2.2510307660675077,-1.8787368388358938,-5.549756690590758,-7.975688088192604,-1.9218181855962642,-3.300671153462565,6.9731773873911695,-1.6785597093898232,9.611364374573213,-9.359197923555458,-5.078957159539157,-9.39939270882897,-0.29419912719574703,1.421244484019945,1.1682674090007832,0.25697438558810526,10.522626605052517,2.216576707611927,4
9.703109860097666,0.11060842615038369,-3.851414927964496,-2.2048948762422134,4.953877663374107,-7.628596950921869,5.863538716058146,5.8037368303066765,-6.823720388509748,4.759859338870619,-1.1877701862704984,6.356012095872379,-7.460655390119122,0.2878307296884969,6.880158729631663,-8.74406011020949,4.319507325364678,5.270995824768054,-3.8959784941869837,8.747521461261648,6
-4.236221480648485,-6.282146952808637,-0.46625732143504306,-8.713293848987341,-8.94517206483714,-10.057425408922136,-3.9883683590316026,-4.089815939922759,-9.495325894679114,6.108763438101411,-4.956223069304924,3.6874561182420362,3.4448703308648927,-7.010607610694007,7.274436249702502,5.766505052304002,-6.195669400054532,9.294486400136677,10.19168584055667,-6.963247051775096,5
-4.9556040870090206,9.910850656929338,2.693504401432495,-3.514226306233914,-8.404541295744762,-6.731899721417726,-3.295163346105786,-5.52086124807472,4.692841056942666,-0.3257819541879794,10.893771984559267,-8.609688095882339,-5.6517810733869185,-8.773371189630222,-0.6263474482569,3.221163206729037,-0.84971770606875,1.3416962072320433,10.374321721685748,3.020992362792998,4
0.5951208642303956,2.751677111130753,-8.549999538594506,0.6890691435055318,9.216607953447708,-8.535239763997518,-7.16491066809054,1.2987964422654585,4.489456331282609,2.6826467953368134,-0.09494358596032211,-8.557839951540156,-7.97034205244503,5.118718198445193,7.937724050521236,-4.592959312176753,0.22879362486312238,8.494249760913222,3.9569346136131003,-8.601931088603555,7
-3.840789443126501,10.67807616861143,1.7313890081716505,-3.4153460846154142,-10.243676503917813,-8.693312058116717,-4.432156178680032,-5.7541985715310755,6.3520711317074925,0.3747363389266942,9.926783447414682,-8.329729861022827,-6.634281387071294,-8.941552922879083,-2.729775445100653,1.6688595655541902,-0.023399260823709245,2.2936631523470217,8.699280205910405,2.891085419332383,4
9.255651900300686,-3.9606962072627945,-7.041469481405439,-8.13821012295462,-0.09450084147134469,9.604087537519812,6.729080367243545,-2.495070747495149,-0.5720622767421885,-0.21005099987725162,-3.826440502327604,-4.888244410659915,-5.575775085718478,9.002723854601662,-7.177572500383037,2.2560012715085107,6.907401558596972,-7.3772222215079815,0.38584247379136405,-1.5706155822237737,3
-6.006489289374832,9.310477169170937,7.889383870025268,5.445244580565534,5.862271504477978,-8.33470760298492,0.8542397612926425,-11.270700335506767,2.9431041931733137,6.585532206811115,-3.731395351033864,-10.942702441064903,-6.964062461077461,5.386897355119215,-1.2542869372277234,6.710033441453977,6.864328817782056,-3.1400280436578853,-0.4744168141752746,-2.301876434230974,0
-4.53675668568322,7.979804081241952,6.849748911809041,5.3193883509510025,6.212842700653828,-8.005309307938905,2.698128529260547,-9.399420105213306,2.8502474538538474,4.811889591231434,-5.291337762629203,-10.117752325551896,-6.438146708639112,4.431605894267,-0.3904025070848531,7.726150053003776,9.474958883085908,-3.4961392704241567,-1.107010146621299,-3.1421158029116327,0
-5.826659838519696,8.260284903126431,8.233782667785237,4.743889174630332,7.138859492772712,-7.981424038625119,2.990765924405185,-9.547331572498049,2.0478214944977635,6.667977688162993,-2.500551003252456,-8.078938376722286,-7.050233138261117,6.010078127477342,-1.5169796997554938,7.355880353657168,8.80762175993521,-4.509034335186634,-0.008914478325055764,-3.588272222255559,0
-1.6612490864423144,2.994019567970527,-8.21135019753626,3.363533227955946,7.328177232527491,-9.527122067628222,-6.077113961368787,1.3952477155172656,3.793486025085841,2.1379307426314704,1.427899414612402,-8.955381430270176,-9.308288991836305,4.928415051501355,7.328523823499651,-3.959372925817663,-0.8163463257377717,9.008683673244079,5.040596415780312,-6.3374760447950305,7
9.568915578441365,-2.4163313034276874,-6.185727195642173,-7.105369208858877,-1.1717922644883743,7.427959525923899,5.763314040798392,-4.140675252839003,0.14900173642232,-2.1153146332477055,-1.8960808752486793,-4.320015614378409,-5.681546699586511,7.955869511226899,-6.333831142406716,2.047204181917199,5.180168786690225,-7.861755926591858,2.5667397931178235,-1.200902357400977,3
7.502641903463389,2.0336366823179173,-4.811234562892869,-0.8522423396297661,4.627807719326708,-8.384037981842654,7.434523242078769,6.3889663161747885,-4.07467269631525,3.5161543022441437,1.5266478254671911,4.809551817947551,-8.024544127504948,1.6736539005107813,5.221516934738804,-8.376113105970639,3.7023301598011606,5.194968439192445,-4.997813876698885,8.77216645117863,6
-0.9845756754031102,2.89560804473016,-5.190505456558576,1.8668249348451202,8.396415210934979,-7.960937297285302,-7.163815339752836,1.9107617882926682,5.259083898334659,3.23796487381855,-1.0700500330649227,-7.690321454114548,-8.05994106844306,6.906571240508203,6.595483437722559,-3.3182797467027294,-1.197768145632807,10.845281969715522,2.400912522102016,-8.640749164457501,7
-2.6144756121833144,10.561075902128156,7.4999766981704745,5.562315633920079,6.219251773332667,-7.332997053422869,1.661441541037395,-9.323611457168997,2.1611915615129553,6.19166483181878,-3.991042426123393,-10.441478277282485,-7.5131581713816855,6.4136995813984985,-1.611245974167222,6.717189875197218,8.017679289023105,-5.010296271461949,-0.2918940050965736,-4.958836726770886,0
0.5760250920505668,0.9987309253713017,-6.892022831405606,4.49287213305013,8.581749269819586,-8.208387578178952,-7.375720356291517,2.3329192210894565,2.6354602624808723,2.261981526053646,-1.3325156670195972,-8.083932227366148,-8.903592385812136,7.742444818051042,5.658749036833151,-3.378112515244505,0.04626136544945231,9.570234335500619,4.756988934460742,-7.101189446631707,7
0.010999483136495014,4.791089375186146,0.10969935826854982,-2.5944233874809584,2.278845067816655,-7.023749809985245,4.230821112736249,7.614126422018929,-8.489596743487569,-5.315782798991053,10.18160063215761,-3.02455941476998,-7.070794775108952,10.45288062788507,-2.2165879185000406,-2.687045151619273,1.9751369864587331,9.013240374842878,2.567598416252087,-1.1297800837155676,1
-7.1171560500518085,-8.536858936303462,-0.37821425264631503,-9.354253631194037,-7.937430543815918,-9.076219030109435,-6.207402440187588,-3.6339767854909124,-9.94104563783275,4.998493567523042,-3.9568602934364785,3.9344991580786175,2.5413082914066396,-6.376584489026911,9.198693679910445,4.6486026872965045,-7.379326676216037,9.928943087705736,10.193878507306705,-7.758944050168811,5
-0.029041733248408023,1.5362394203560508,-6.077411523918899,2.9246760347742162,7.498586535757112,-5.834837564109232,-7.701703626963735,1.1159576759627798,4.030356200175626,2.1471912596530958,-2.0885000292232268,-9.446101753956547,-8.600880627690843,6.09547263248627,7.454865692299025,-3.119812322838796,-0.23701796737971514,7.5736557523397945,5.8930692388863015,-8.4731251177177,7
-6.119439427818943,-7.397928505387194,0.5146606082165337,-10.313263719173959,-9.70037707101313,-10.174086210073567,-4.122796631779695,-3.313797087140937,-10.70104888283861,3.107014522172584,-5.999897254810357,4.861975389656503,0.22683102033287694,-7.662244709155095,9.076200677454173,5.038145756404125,-6.512850649181822,7.273881870017588,10.14232085649601,-6.650443455589697,5
6.484400414819109,3.455614194375508,1.186475719543076,3.733465061236846,8.20098045340751,-4.89646009275995,-7.874612399389804,-0.3759982795460586,8.671784509285049,-7.214599228507741,3.5978319669167838,-6.716506894343613,4.818594836991269,-2.555243802727354,4.100060331191354,2.766976655672607,1.1659772186300126,-8.650022247899233,8.84089398836909,-0.8424475384782225,2
-4.549717901722446,7.103576309798387,9.079416114597546,5.092170581357477,7.137905518548218,-8.621275440584135,2.0517505855286395,-9.905970646415602,0.9597303683796001,5.626552416760664,-5.227486903842911,-8.760338916388582,-5.057044464345973,2.1851247684560424,1.3598072934609178,7.439365841121139,9.832760869298282,-4.2109241127995665,-0.17886333098592666,-2.9539328667777984,0
-4.5970638609401915,10.60162864730932,2.587723196989891,-3.948296903211835,-7.071385104080795,-8.77361029478461,-2.6631970022315605,-5.71809030595244,6.6828735845431275,-0.4442800446994993,10.209332092531817,-7.646442227212634,-6.753054604396346,-7.595058142130962,-1.1877191472295092,1.9345800107247508,-0.13752572242326422,1.701812897440742,9.564525690519305,1.8629283054025743,4
-3.8078471927097666,8.358027067476524,8.880840745741976,4.734686106767924,7.659573744689892,-6.404216140825559,1.7639029027005517,-9.509263117874529,2.8921368408615344,6.4287451179831185,-5.1167441299961975,-10.30570163646204,-6.429370597387867,5.280888668281041,-1.9248372396969542,8.78166412304697,9.140778618733668,-2.9606863228347144,-1.0423313353903922,-3.354928192772506,0
0.14531695880355747,4.460404508698549,-6.1124412211122205,1.7156389650609847,8.989796021989651,-7.577627087519821,-7.741192201848162,2.718572762292358,3.8103281346290307,0.6955071774528552,0.8437561037659712,-9.841415264481295,-9.489122079549162,5.582272389408641,5.5197938844873145,-3.5973679208816374,-1.1969707675589198,8.098088958586821,3.58152364266492,-6.451775210594237,7
-1.1482904309560982,1.8870326195437301,-6.218546765732389,1.8260320617736012,8.460459624672025,-7.981106008900076,-8.510911717767907,1.7535691491146899,3.8916213256036376,3.5056794643445324,-0.1770100677265291,-9.926595141188605,-9.424612999819683,6.347720686716351,5.380380564389975,-4.274291553177997,-2.489043606962496,9.315285533872498,5.694618951235827,-7.334791964744028,7
0.9280803496689943,0.7884285392829511,-5.052401660472539,0.6350414535268369,10.873744200268794,-5.495333225994109,-7.3349032857914755,2.2282001362224597,3.2964719826195754,3.0965803448656715,1.070769041767089,-9.428235430662895,-8.500680573972328,5.554629413783617,5.544490037189415,-1.1077504406003804,0.1515339310739628,7.455001201482777,4.341391216214931,-7.612522993885658,7
9.15531604718229,2.89127246818593,-2.9457493936224353,0.7224899952695238,5.96003740654508,-7.118482581876326,9.55858078923277,4.486381569383968,-5.523667854938114,4.141633803795968,0.03732338151834871,6.575195121571467,-8.118884087049118,1.0899340791824887,5.212206215702212,-6.385775061536135,3.806338666610488,6.062435757017604,-5.426487462885549,9.163947024957709,6
8.620498277772866,-4.949521976502227,-6.399172436719375,-8.938536323869362,0.8178293345982262,8.69342781085586,6.851848878236853,-5.064019705378289,-0.3357392499512335,-0.2172134701416334,-2.6769205732753516,-3.67466178181182,-7.91292786491776,7.957035611262225,-7.514622529711966,1.9806746522837493,6.809359025884168,-7.080592583410943,-2.207491148971036,-1.261933969061117,3
-2.3701024008398193,4.706871689375074,0.49041044102896764,-0.04891427068100085,2.9892149396869714,-6.607523438348738,4.493039938812898,9.421558835904559,-6.991770798976026,-7.541172366212753,5.78485597589021,0.9803684769123822,-5.847808269484736,9.607013019893195,-0.1045940822118861,-1.1506972473776809,3.220761212314958,8.783955719413505,-1.6880619898680456,-1.327719374276658,1
-3.1919001007091676,8.490484384939501,8.454045208665685,4.325698002200784,5.648743381855363,-7.305390766656785,2.408721442760476,-11.289306828847273,3.014747060050473,6.204177284667366,-3.2343486591144206,-9.453291144366256,-7.011895882094777,7.00712805593088,-1.6739893739076939,5.693417685208351,7.44762054139432,-4.720090894206684,-1.8534914980425738,-4.029532183060842,0
-2.3681654586414087,2.7913803763601654,-0.12785877584562932,-2.210731702968321,3.0337289767274824,-5.641813118594622,4.354172847561529,7.215413869825158,-5.90017704715199,-6.941596545500449,8.234927703056158,-2.0311150488607934,-4.2672697413259515,9.97017300206365,-0.17908422415460523,-1.4167592599246768,2.1221003614088456,9.736976845955443,1.7683460555552206,-0.8850380062501887,1
8.228701458774307,4.102510395763305,-3.7646485224825423,-0.07431282266738581,3.7898351024782384,-6.41179410152619,8.716964399262778,6.223054554044373,-5.999244568378174,5.068201449665453,-0.49612080461136043,7.564700583459157,-9.252797787717135,1.4198676818343707,4.640876763228749,-10.689332544173043,4.347067464859562,3.2498159339646127,-5.494561041772721,8.394268077952702,6
-3.816868777345561,3.754384898192662,1.5800003419989483,-1.37297923720568,1.8772333102043643,-6.3254594361658185,5.16691651359269,7.951609575356073,-7.081535059121957,-6.384734854783165,5.197514366231303,-0.9347438864969098,-5.473578655475242,9.040201178093767,0.21202783068280107,-1.2133497899385062,3.424130315482859,7.745939662375102,3.1432338179018533,-1.0366390396333753,1
6.622085108546321,0.9646640757008376,-3.5627789277118285,-0.41172605260579925,5.4730900499414235,-7.532426437633523,8.098499020035868,5.890552292974869,-6.940540450240126,3.247894858283296,0.23684974864842356,5.531434356780455,-10.393353099745013,0.34116891273116356,6.118522478073682,-6.495223076455428,3.498214633105416,4.259675826674875,-3.484007005306492,7.724235967203731,6
-2.0766659697997096,6.53901717351747,0.34294293990788516,-0.6542622457197624,0.9652116527642114,-7.4804858413972575,5.044778794786999,6.322540214652002,-6.1914781805669215,-6.686642949164289,5.85621871176078,-0.24105506303687096,-5.389709697931604,8.15474325747194,-1.6914542948537408,-1.1700846924935564,2.5578132237564,9.880549196537192,2.3446580466597573,-0.9980134764157929,1
0.8287431461698116,2.2060164646374223,-5.175678300630549,3.609272884383827,7.128269974258942,-9.226391150417074,-6.911971931979052,2.55679445094286,3.8023873982856347,3.4819104536728362,-0.05268682829729242,-9.513645493089395,-9.900703332559916,5.0066494375906965,5.1007744691427055,-3.7671301394037537,-1.641073739844397,9.899438266809227,4.016430826018667,-6.698542747283252,7
-5.747752220399007,9.010357900125019,1.5743125527597683,-2.88796955288879,-8.473185924831915,-7.899083161491838,-1.7850509256770517,-5.93118157535258,4.122507190305546,-2.5067290184982607,9.257086809724596,-9.12779496399546,-8.00037193625077,-8.670132779055395,-2.378471884402662,4.059113857860691,-0.35307206019507864,0.9768177833522101,10.057088909408538,3.1570718533340028,4
-7.912392276012776,-7.361707920129737,-1.1350450651141901,-9.4305932025334,-8.772177708603282,-8.787490270449503,-3.09305502550588,-5.020392803255602,-10.613756136637216,4.596670532575882,-4.386510494166576,3.945353692793245,1.2434632304103994,-8.737523013527868,6.546361221061489,4.57114813378689,-7.8614547023828205,9.847133031826058,8.06084672581059,-7.450298377255277,5
-5.759678395876302,-7.396417181001892,-2.026256369897979,-6.990307513644881,-8.869415040355287,-10.249037049667937,-3.553397301891077,-4.812103361352475,-9.245694010248105,5.733224284909038,-3.1219655664081616,4.998848810411475,2.8432509980574947,-7.7828941296968575,8.941305063507357,4.160125556885296,-6.5256915206029324,7.3656551069098715,10.704174149565267,-9.190780026840136,5
-6.426803729041152,-5.832075822066258,-1.1378507886129825,-8.472690256400897,-7.8570313422954365,-9.048209986715468,-3.252057200457757,-4.824039042697526,-10.96842145770748,4.5568035963821,-6.696556377040043,3.194926111367274,0.6979234906385623,-9.465742240172771,9.198477331644307,5.719390833613549,-9.126547438751578,7.0599419934500105,10.474351669605662,-7.738695967301741,5
-5.11701287479074,-7.134977517924088,0.7755737241037084,-8.84199609259367,-8.585879992747898,-9.297438250395658,-3.8051949352947667,-3.8214913559392434,-10.899256799805476,4.914123807128973,-5.419076039596092,3.002011780420657,1.074421919618588,-9.359311042645976,9.949739399223272,6.571803375800418,-7.3237391859779475,7.60797751278182,9.596565748055712,-6.898283325831528,5
8.979569568749774,-3.71436794047666,-6.973376437393337,-7.4817533766535425,-0.44544387870838,9.897020776859371,6.372319425198819,-4.145661581890696,-0.824871161212605,-1.4409221727350474,-2.080117394601324,-5.36821319177227,-7.183638409125293,8.8158418353643,-7.454349200844535,1.571148165322094,3.82655024094485,-5.601078821981238,0.18072918045973985,-3.0346069539620473,3
-1.9391891020701646,3.355660067194708,0.031572628434028194,-1.3091848165445938,1.9219321473388566,-6.628953617380732,3.0435325328726073,7.229211816445622,-5.7248576411860865,-6.645738506104497,6.870400761740408,-2.4346131182307524,-3.8060829799755314,9.901036062059797,-1.4982304786746385,-3.4950513306599804,5.409947108197041,10.971681900444075,0.9145052215024027,-0.30585487881102214,1
-3.904396860738595,11.012152930424563,2.1474255991794484,-3.0546649949313123,-5.73091417251654,-9.588640948863729,-4.945159737906799,-5.394341090126198,5.967912257628305,-1.2985246074070405,9.75945025184052,-8.168404881346108,-7.463217394723134,-7.696861274520326,-0.7330379487870502,0.5375552733636333,-0.16041878391867004,1.543561860582963,8.849071429787982,3.7266416482916966,4
-1.996078757707751,4.367519362047817,-0.3980353310502496,-2.840770266791848,3.00497430607132,-5.933412620670413,5.902323291890967,8.227856843203718,-3.7562102009231784,-5.088234474322354,6.439837651167495,-0.14855195672576604,-6.864225486489849,10.588566002087138,-1.220741474253264,-3.483648913441761,3.8901567017789156,10.635555231939103,1.2056167112321163,-0.10801044422263217,1
-1.615440322319953,1.3782873174935588,-5.16659950516017,3.4273972915271873,7.509173867937608,-7.576984795603742,-8.478901903762933,-1.000894194433219,4.628599722386294,4.165137585675241,-1.2300661930478272,-10.039697154362381,-7.131862587848803,7.614440301642807,6.10103541165916,-4.422096992305027,-1.6383247402887935,8.382281523004064,4.142786949798979,-8.971899198404952,7
5.535616771154718,3.1690169104366936,3.0910804297162713,1.8544538249784064,10.321724600269373,-6.272836585134086,-6.557611756690017,-1.8195623578466127,8.226791786819385,-8.292281213378452,5.5346702084792,-4.167698981873707,3.6226911635287604,-3.7243924465092118,2.553672338403299,2.8294625245156038,-0.41717910339168784,-7.800571025751184,8.460126101904283,-0.7995201607014555,2
-6.490334856038215,11.283592171249976,4.490585933776341,-3.2755793800535438,-7.479732436084045,-9.628821145890331,-4.089936839725559,-6.24911683836647,6.5152375589468345,-2.4560575735768273,8.294264587335947,-10.368427828726388,-5.222992376536245,-8.116429181972029,-1.408837068948718,2.1347657148741748,-1.1044425552744652,0.4866588423897771,10.327567159059626,1.4981772667028772,4
8.864796845472881,-3.749280747024251,-6.786113990670936,-5.727978325267852,-1.1889822923484923,10.07963477776519,6.061677145121575,-4.286426955184399,0.9567315023031144,-0.5042890002329912,-3.8804158151704753,-2.7252336155764754,-7.461505679480464,8.816609818279312,-6.851132623416367,1.2101621902055344,4.457199493007168,-6.89675043810455,2.2590024126588832,-1.0924952938048467,3
-7.6632118554944615,-7.833707339772555,-0.48914061849464974,-8.100869053171124,-9.117968683520392,-9.54684411846308,-5.415280936208947,-3.4614741214525857,-10.618856615997556,5.627105084248628,-7.108288981059918,3.658349771940352,3.4422704425246113,-7.425851702671622,9.35732156312464,3.6247998019872063,-7.111774320517125,8.022058257891247,8.441001217616227,-7.528095257292958,5
-7.880674797608544,-6.532373501393962,1.1308926609734513,-9.082429045564158,-10.19884927572735,-9.1171430001984,-1.7849619747204564,-4.894546161945572,-7.29541872795049,7.1923968987392435,-4.296638170643986,3.9741946874253395,2.5391154310727337,-6.913820207357034,10.12561790127485,3.5392203591226004,-7.4711474123900965,7.351520209688859,10.61937718944263,-6.2756360854291025,5
6.577091129753306,1.1568070638447177,-1.605538947157782,0.06998766119194622,5.596220951126196,-6.405455719706595,8.635658057014453,5.144921938110494,-7.238143772017606,4.537587381721693,-0.023358304675759264,6.241517219128829,-8.922837711577221,-0.3913775130503905,4.254192013272388,-6.352182402134722,2.2345126555105317,3.966476864241127,-4.256774505495082,7.6762546196266435,6
9.069368004511983,-3.3800258273096047,-6.228728085821794,-6.176872381943567,-0.6403170311503321,9.938636109697194,7.386867643487715,-4.71416433881986,-1.2895877762863348,-0.7420187525255917,-1.827322530549882,-6.741705622382079,-6.169180541889405,8.316559191232145,-8.408088873231293,2.982763700142102,5.5349261273237875,-6.184105082398904,-0.19687759311455372,-2.220295336179017,3
4.051182430491117,3.4186252831470876,2.275368868959211,1.8402852846788762,8.070081331341688,-5.832311920935422,-6.308056172020176,-2.241990173859629,7.181014133953264,-5.897096565169937,4.565756448703585,-5.569304935488468,3.147214383377823,-3.6388118722599225,3.2170177824956068,0.8894591975595542,0.07471482807882379,-7.957149433293047,6.529543646842553,-2.1811533360964184,2
-4.2004906597439655,8.754034729167268,4.474336081268644,6.842579069242388,5.875592614363636,-7.563321516728311,2.4233613364251827,-8.898609336832381,0.4265195505277215,7.5838733146281525,-5.040692081371247,-8.08848551750711,-6.51257451936447,4.79498784114103,-1.1784413638862627,9.174962596117638,9.828110162469594,-3.592518875039972,-1.9937333423518246,-4.9063983102568764,0
0.7140572422477431,2.9095846939826817,-6.820095089655783,2.3509233409537837,8.854682700236058,-7.78872898926919,-5.677137103746424,0.049500797822954246,4.176372288951242,1.1229325303428814,-0.65930816267014,-7.451877260657513,-10.092336859258726,6.204712286311468,5.783590309994975,-2.468376246247639,-0.47707223456655556,9.923235729585056,3.731720453713586,-7.293579929073716,7
8.267319827989686,-5.054197547814056,-8.504187928038178,-7.591895504541531,0.0689980744630242,8.780686774305405,7.3817699907192385,-3.4883514949834984,-0.1713623319464413,-1.9094661442399552,-3.6818809368617527,-5.185312185711163,-7.206147499267527,8.310839318238443,-6.688642896631265,2.521608557408742,2.504079420981289,-5.534353219364462,-1.08890022348206,-2.259062992248734,3
7.996289254358186,1.811204598508189,-4.151818029495669,-0.08916005015104078,4.510480495778923,-7.743907192146962,8.376975665394015,5.196296924844616,-4.833960095968687,4.930560409614638,-1.5032865839373917,4.624654961137545,-11.401831825315746,0.9764529234095132,5.2574669431801535,-7.5983541270554085,4.574043508112018,6.516702602829338,-4.375820712904106,6.3850568583099685,6
-2.2459143189598603,3.3633857919640504,1.0459406537587579,-2.7121942534322425,3.776934284096623,-4.785192375098276,5.557947539069853,8.606702857074195,-7.08513049540202,-7.930939145382462,5.343772503179082,-0.3428586088404998,-5.501367900065377,10.852485742496587,-0.527467703291674,-2.8854078970695114,3.0128478027326553,9.566429587174087,0.09896187559657821,0.12217547220011316,1
-4.598575112883728,-6.280581092979326,-0.03123241948256919,-8.78898023157224,-9.085223690530785,-10.979651217704367,-6.464051759923191,-2.4711053618429677,-10.084346396028852,4.903192470769388,-4.310678613678397,3.9283192187892473,1.6639516580689409,-9.496236702077068,9.014094628219112,6.018033016807158,-6.774109089923182,7.810987511533337,10.117833991284597,-7.018778128573161,5
-5.301564525918837,-5.984299913693363,-0.5901403051076607,-7.219182565135224,-8.928429523048122,-8.307447686739915,-2.8373035812780487,-3.2143603701853287,-9.819125466122376,5.41530741221927,-2.9536304943997815,2.6833363697551245,2.2201935127249133,-7.714415378073132,8.100409056535176,5.251403979859004,-7.77097836195259,6.65173258693869,9.62747787191772,-7.153533428237318,5
-0.5464433020835346,3.580426555152408,2.0633942629399775,-1.0512903815072598,3.4066144512027554,-6.122147861300989,5.798666544932388,5.814169160761723,-5.156669091479042,-7.264451955177949,5.178749947404972,-1.7684394071205563,-6.784271753228501,8.960381660585451,-0.46001809735509075,-1.2909531168711839,2.822293739771445,9.715565650231627,1.73622352374459,-0.6862876493679244,1
-4.122663988525889,8.217252674357425,7.928771550954781,6.705272977796302,7.353421843971725,-6.812424728963593,2.406688965637994,-9.910081340266093,1.5020827812176472,5.786456755740287,-2.303549250805428,-7.89365084075519,-7.393139259314675,5.976429876370458,0.8660028831135105,6.0932362240820686,9.426560997299859,-3.693632539254416,-1.6511177315686265,-3.4016661645066266,0
-1.6213867437697145,3.3418793494186145,1.5274699444824003,-1.9446173277813812,2.936593165067709,-8.52246538305959,4.751147179746679,7.658918132246432,-4.751661625435181,-7.1179033628522745,6.709987603347823,-1.7829841080939497,-5.520426683399533,6.963631849071765,0.8333286449842443,-1.7727483194029672,3.2241208441339695,8.915263694883764,1.4518531515607056,-1.1872382982727905,1
-5.482558933836319,9.22940461798459,8.103360805027162,4.349911206103188,6.006343900081265,-8.17997703152402,1.179637013123113,-7.774663956946072,3.641845122528653,5.23234589167804,-4.645849053923411,-9.062982748288531,-6.138794051254175,5.459375035570156,-0.6631533770945305,7.269215269022883,7.36283447714473,-2.6530077701187778,-1.3063123673125137,-0.7690731103460267,0
-4.944121685888777,10.422674398654427,2.302168142143749,-3.1616906535488902,-7.5336258947134205,-7.777312351745825,-3.2325085078627276,-4.456920184895891,4.471281670147948,-0.23473006692679443,10.234139888000017,-7.151523801595508,-8.268347284920136,-8.574487499121137,-1.005106191171142,0.12463301792490289,-0.5135731302302543,1.7802988800471533,11.276371233157318,2.76708458870313,4
-5.392964259036999,9.138522282942894,7.534133505704634,5.684124982917212,7.42777904237897,-7.323207750598018,1.549101209018563,-9.749829168860092,1.4977631443706374,6.20312685344409,-3.3867657069289936,-10.625092912369816,-6.483362173753085,3.6747843923698538,-0.044615251185920135,7.875375234863408,8.800203623484116,-2.9327843339417234,0.018101571777027814,-3.3404575580698497,0
-3.1738300440307627,3.0233630703536587,2.366753636943261,-2.1004385603820594,1.2347075199365878,-6.809424060759864,4.478593041088551,6.275502284471771,-6.5145724295890926,-6.997257055384797,6.808602572670073,-1.280828708498602,-7.851792349650057,9.317180893584053,0.9094546222696327,-2.9885137593866085,3.3299660053632643,9.173567483978653,0.3332693757499112,-0.5371548688241042,1
-1.3314784243267503,4.740802461691592,-0.32545451558133887,-1.8696169896500558,2.4443507788260312,-6.411666027992576,5.689465999319937,8.439492904363732,-5.4411240087756205,-5.469366847996618,5.026222048537616,-3.047974532338141,-8.090939617276623,10.830039925579799,0.7574056776739886,-2.4262559156416494,3.3106842684011517,8.710408526710818,0.7948840162967022,-0.6491520692300577,1
-3.8917447231078746,9.296294228967872,7.625848938569571,5.185307091086105,5.825709520793188,-6.748184400663716,1.6747038852750327,-10.180487499951921,3.5245555852562926,7.588217056223943,-4.4262068375745,-10.752633847256122,-6.549871310977409,4.092272719311826,-1.910175731624658,7.053333823862014,7.629117009246986,-3.492474700716628,-1.166701562876809,-5.523490955819584,0
-7.732378114691412,-7.598231568076251,0.10645314689106866,-9.121635252433597,-7.555561783532456,-9.881661553138352,-3.9779998243514374,-3.1303365171002238,-9.708659148923365,5.929509790143085,-3.3674610785272057,6.04313883464889,0.346768327484146,-7.417397873955396,9.290062074280076,3.5434085380283493,-7.540040296850225,7.459488736223645,9.527339291314327,-8.520920617915392,5
-6.204356489653235,-6.874622564161276,0.8667496339278261,-8.470372047564076,-8.904785775780656,-10.457926550467516,-3.994444602987636,-5.131438136368905,-9.778582645622972,5.729854407026509,-5.527432628950529,4.500934813699874,-0.2257007911008171,-7.2118937295115595,7.844204861656768,4.342179223991607,-7.686138960317853,7.356990107914927,8.981808009047535,-8.164283073314929,5
-5.093218600793296,7.620329125825841,6.741220078443637,4.962592804415595,7.470371264205204,-6.932096082034675,2.736869064294036,-9.03102859605416,4.203564991332759,6.1274191388096675,-2.246958153610836,-10.460875592957004,-6.365863747229488,5.431190515434835,-1.0080396265658464,5.808818998357388,6.692177744110817,-3.158527020673578,-1.66399491542767,-3.279598663246227,0
5.20905482002272,3.3620048420054225,1.2490699290135814,2.5928226357708013,8.936250229032689,-5.813048276414372,-6.318932007931965,-2.2568750332584564,9.846229770526287,-9.07928839925639,4.146743608093435,-5.608732168716619,2.6104393547294933,-2.2311392735219684,2.9342222401930487,2.907573940262235,2.149033137975934,-7.74985181068115,8.492713986642284,-1.4244680794529385,2
8.687943676992361,-3.1749660115123834,-6.58451260690416,-8.748219222466032,-0.2034563851027461,9.09031482664848,6.112017957205949,-5.676713359009501,-1.0647795231564376,-0.4841598306630203,-2.63815653234523,-6.0068810817372675,-5.181062598969176,7.302169722795237,-7.705480593785465,3.098967467215867,3.0968493265735892,-6.821716104965993,-1.1872138114924664,-1.5408409182133482,3
5.200187857801088,4.2084481527689155,1.4404009985633432,4.453813898828652,8.91983959618544,-3.656940518965707,-7.557527530987071,-2.5738087335070716,9.330932587021525,-5.783883436736016,4.9443695317794125,-3.429387816376967,1.826863772763774,-2.259766045403931,4.754935321004726,1.9274393579526379,0.948503319361906,-7.104323466766127,7.535665916874617,-0.042548220678539805,2
6.316855987831966,2.664069731069942,3.1483896933778457,2.803372643816555,8.172524147889385,-5.359094067691635,-7.367300699260524,-0.4928514814084224,10.117479468722816,-10.178000747526617,3.836044651728505,-5.989157640584676,3.969128612909681,-4.140995821903519,3.8567158164432946,2.492645386618896,1.1267593425229643,-6.162169159715627,8.242277387375404,-0.3645799284231459,2
7.509364541068923,-0.6222096212592714,-8.520991872358152,-5.659730132697829,-0.930910389613127,8.041229140421677,5.540423255449695,-3.7809436949936033,-0.5179959662710252,0.32749300156366923,-2.4753100261738865,-4.258706017701314,-6.466145792259336,8.703323634433595,-8.431406942311886,1.3980753422658572,4.652666795576464,-6.88197801540247,-2.652777684160083,-0.6454141043920559,3
-5.843647462858127,8.18732589572496,1.055423281570882,-3.9860473028082613,-8.830763497143215,-8.366437069442094,-1.2375950707266845,-5.754636990773249,6.1726895062799345,-1.3503387112502,10.150510971795436,-6.843188245382933,-6.2047024026935995,-8.683872062044642,-1.5201003059136247,1.870391939205227,-0.07782101457765939,0.5819109879267192,9.83761586420523,3.016125960086223,4
10.426782429674422,-1.4299979507892548,-5.114470546649779,-6.813698262448232,-0.8298463497605808,9.327916070633432,7.8574217998413705,-4.029344024897975,1.1715955812678227,-0.9024582208537633,-4.483871778716758,-4.698165691951125,-6.706154980177782,9.28763673581556,-7.908579808595861,2.069069848254514,4.568937628597397,-4.897882483893505,-0.2679756817170601,-1.4166873917595,3
1.1116913181037293,2.6369405680781166,-6.348188616772903,2.8868591911687957,8.009429851955069,-8.34038008272629,-7.472552523796194,1.7012127115155808,3.397806000116679,-0.7268351938787325,-0.8007668849749568,-10.016040175877489,-8.985493216457604,5.549155293642449,6.085305835127886,-5.159622491049966,-1.5460204477152597,8.111984316586097,4.3917517259368655,-6.270566612713005,7
-5.4563143657166595,7.937406153072031,5.54297515682739,3.72436820544838,5.619337358569327,-7.273645036635234,0.8026907564315703,-9.97559257773391,3.6471451621648736,6.625221277307078,-4.650909900939066,-8.472112734302673,-4.89272004965469,4.93383236417303,-0.6212433520315422,6.325694145028846,8.1075410252772,-4.348333608362384,-2.1686861468873477,-5.070773676272852,0
-5.804596589391142,-5.837307873236352,0.7729229099025858,-8.060531897349884,-10.453290853625882,-9.21941593987938,-4.075652251912285,-2.9378494995530273,-9.390333235434627,5.964034628245883,-4.88388938697591,3.3282107030708232,0.8274040878872593,-7.807583752618139,9.983986421265536,4.921715318139856,-6.046538357933223,5.829051946720482,10.1683814370939,-7.289239587088796,5
6.704180678895688,2.548629882709096,-5.650371346261064,-1.1443763742609743,5.423997705210878,-9.072600062157994,7.441592820020458,6.233019220137547,-5.7859072205206274,5.411570797746636,-0.14584762134263712,6.001831811118847,-8.110066626706937,0.3589427433339818,7.553037064629102,-6.614511831226391,2.2465058206430086,5.354590722811545,-2.8680044398503584,7.609929304497526,6
5.803727050147161,1.804351272611719,-0.023732302119275683,2.8443968704804448,7.964861339334153,-5.30613508069604,-6.996187296464666,-2.6312745045380996,8.873471971378924,-6.4145330599481305,4.197586655265316,-3.4266738610488825,3.7556591086101543,-3.6401705583629873,3.3829267165827073,3.305551377750044,1.7220177445887643,-8.137712660187669,9.030949804261413,0.19460730516004898,2
6.02892874073274,2.3690564632040463,-2.4129342011949046,-1.399517288575276,5.3708919413576375,-7.511972269530105,7.874737167114296,4.767135226171423,-4.7909120357864445,6.186672618257667,0.4422151202987315,6.767055753410977,-9.847868469398744,2.1129608862341724,5.572442616025189,-8.451538630346697,3.9285305223374785,4.272092854745816,-5.013338796741893,8.92370474080201,6
-3.0005157809030676,3.4100032808346885,1.5032242448363662,-1.5289007235574428,3.11535237308621,-5.89014237918688,4.350461912908407,7.684810617562379,-5.886997179303456,-6.259183264411067,6.272469687698505,-0.2071971135484484,-6.070432099406203,8.190813869428059,-2.3383143429106767,-1.5367263240608637,4.263095429912528,7.586817412705925,2.523595109610298,0.407096814144433,1
-0.7244880683135329,3.8911304723276503,-6.484604995102102,2.197336945317905,10.532260238348895,-8.213889608625152,-8.724458345766994,2.1559155250049242,4.573040360299445,2.9418693808970753,1.7268140312718152,-8.328845626136738,-9.819138192255318,4.972823302144853,7.0110208967200265,-3.906516340720223,-1.34286864834889,8.404533008902416,4.0824485919368465,-7.789540791207541,7
-1.3830618770893546,4.342521755473941,-8.200317998727318,2.59817575767665,6.997302539618782,-9.617139346299115,-6.643940091468965,1.2325497864744068,3.3105479057249854,1.8936464356955098,-0.6318504697557151,-8.953859095685075,-9.97803150110782,8.396947564066476,4.441832012447118,-3.638267486731255,-1.2017147719196524,8.721957027688235,3.63877622767346,-7.315509540439185,7
6.882595115557441,2.428469183633952,3.522132942567982,4.198370673328158,7.607632455894471,-5.999995704747615,-8.066943915136479,-3.3562336446006342,8.802129484486183,-7.004488112654541,2.3907081891370296,-4.089977541051318,3.643515566359535,-4.147189003914359,3.7894628028288415,1.7361923725677422,-0.3451242433794788,-7.562772253526226,8.291923421667228,-0.5682765608731699,2
5.457116519476573,2.6847598230129304,2.322553541633111,4.758591582626346,7.233502251229387,-5.468263670342979,-7.152727368753606,-1.4405896709387571,11.719320970850742,-9.134526140816813,3.3548904965256465,-4.549958451364339,0.925037348840303,-3.9926292194751327,5.533023623185194,2.3634509496635525,-0.29531286397202017,-8.053762880994562,6.510328616215242,-2.416544330941456,2
-3.3548882617145166,9.655288870128254,9.101884714314597,3.71659547266914,5.534773256445328,-8.431976801673816,-0.4025909543464443,-9.623358007291507,3.5356153291122396,6.843809965673733,-4.695458738097935,-9.358150454180219,-7.805562560303656,7.035002525785206,-1.3281580241901567,8.22234619031608,9.487821249391063,-4.884959179979995,-0.7694010246692486,-4.349394717262812,0
-5.905393401124669,8.484034788905612,3.856323248508741,-3.555478408614886,-6.883164483948461,-9.023420424639793,-4.312046687283582,-4.885053405831213,5.353480124150017,0.9380140545943088,8.028848124100726,-9.154857980580013,-6.309788973191443,-8.969882816508825,-2.0703110261871003,2.0221811050419523,-0.3906242300080105,3.5352749146682445,10.777400358425512,4.171411971291368,4
-5.70720990707012,-7.423632649854938,0.4973458921336065,-9.17108683273651,-9.132805186938802,-8.665324289254979,-4.090906431727223,-4.734200496482658,-10.048748203539683,6.26921074637971,-5.971105206913031,5.208244365007697,2.6675038832716482,-9.255669791730465,9.84670334374687,3.9230618710160488,-7.023862038181362,5.021646263500666,9.039159806072359,-8.13309494717197,5
7.901690506000323,-3.9021599777475595,-7.005108944123396,-7.469371368362489,-0.49160967114985954,9.759130136718197,6.661032961662536,-5.309417468305687,-1.1413411179383903,-1.5745958302985554,-3.6448236294600025,-5.036448708886844,-4.569018590708027,8.533433348550222,-5.351626613236298,1.97223364801141,4.842744639282423,-3.984060356472942,1.9017102388112037,-0.03644301224764723,3
-0.22205575540336797,2.6903697978746037,-6.8226263434205965,2.6605426608249054,8.221786401942927,-9.397281841435959,-6.887417503775036,1.4627563902857017,1.2786394123669749,0.8868191404408545,1.0447997193258427,-9.11700928085411,-9.129129190303901,5.16788105541841,7.987443694717822,-4.162057904770745,0.2797106277242598,9.527736556087685,4.50446973976791,-6.523335754013992,7
-5.685622309687363,11.383677353730416,3.5348319010713687,-2.876612598585415,-7.2840651811312975,-8.85721334922354,-2.735503670070074,-5.689271817324444,4.621280836998437,-1.2726058162636444,10.015349897751097,-8.897455968674343,-6.7476938881498345,-8.49543080885893,-1.691645853254511,3.5129712954805434,-0.2757984727185472,2.341732396662604,9.69819437025804,3.594817660946273,4
-1.8049666856591622,3.9450524524111774,-0.680660113353452,-2.1717757765490227,0.7640634268468429,-6.553899759974533,5.077522361979449,7.2462612370120265,-7.90743711117102,-6.501298223866378,8.04984016416191,-2.2243016926659887,-7.412879167413379,9.910042960606972,0.11360371889022292,-0.32856005544054434,4.307772561666342,8.363701133676685,3.0102873617924315,0.8119668194373979,1
-3.1425743623010747,8.464090446998581,7.3198363430813655,4.581469234965151,5.297036364291548,-7.546194147700573,0.5525302593452631,-8.942084246014067,1.2426683318760121,8.425544827484872,-5.1253863717815955,-9.867432013093545,-6.863838328142544,5.975396427395666,-2.462715640239791,6.907667541349258,8.835858167507684,-5.927064396256583,-1.6041546535157403,-0.44810467937472787,0
-5.850287673483787,10.610076185704479,4.979209933079131,-2.0895617571879397,-7.6714704477836175,-10.596995488487947,-3.117687323059817,-5.950490421237098,6.61387454239501,0.038776394536290226,10.619937020220956,-9.444945165479057,-6.977974179814007,-7.231278596800841,0.10706187801756295,3.2619975902967884,1.3049644104700457,-0.6010977261059773,8.003831795985786,2.257749063052452,4
8.427332767381634,-3.710407982287535,-7.786980344953207,-6.084660874302532,-0.7405863585002653,9.114814460284792,5.922405476120282,-4.250224314925347,0.017085831968235057,-0.4503627446674197,-1.1025491414457884,-5.932497725483267,-6.110307967528486,5.766705687973259,-8.102245054457214,0.26392632299997043,2.3188167398647455,-4.70509532562141,0.31885895193993397,-1.007761641348005,3
-3.0597283382871576,4.558379163877102,0.29251624199357895,-1.3376879451901647,1.2641174132914312,-6.660142942465013,4.219651537626502,6.416227150342267,-5.654242674613613,-5.518146537251176,7.303083879886753,-2.5128436156774674,-7.231055756694644,11.431202780184352,1.1117932367448007,-2.494067522741747,2.277052012248679,10.601412921124647,2.2979310685398366,0.7536904610049042,1
9.295876259085803,-2.716697282331559,-7.643859203486764,-6.070377929456218,-1.340374927121895,7.930909600578725,6.337018827003835,-4.268067831560942,0.6738850283620045,-0.36202796608548005,-2.2889245754272505,-3.66038551968441,-6.329817371021817,7.549255868707322,-5.816840664307683,1.7186867952995586,5.952552067188881,-4.6971531399252875,-0.434281700121841,-1.3672619353557631,3
6.282565060370187,3.339867397159127,3.473167332525846,0.7668579929116284,6.860089420816935,-6.0168195776912725,-6.893050565597475,-1.888324367944382,9.558201798536937,-5.861395318496633,1.4862286920000116,-4.339472353796937,3.371531790470862,-2.4103908366963473,2.7564317349400267,2.0083223049078343,0.7478706239236674,-8.54061076338165,7.575606925859874,-0.4736163732472651,2
0.3730270899731405,4.611672585789337,1.173037408850695,-0.894917569806643,2.630691409105577,-7.6857928079870845,4.268541437273177,8.636679322694812,-5.9935001285032135,-6.484622212791347,5.581466224174674,-0.8189895600889273,-8.178550093724022,11.226682739432906,-1.293070376401345,-2.6851486674455347,2.2626976704591524,8.934932825196444,2.377648766901922,-2.3415085078333604,1
-3.124871265680582,10.810328848082925,4.662188020331785,-3.4585205719121053,-7.166042507305618,-8.968185685954897,-3.7494812707705414,-5.2151815416490725,6.972715704574413,-1.234873932022031,10.67989177301453,-9.212343467975552,-4.8169420716228055,-7.1214124980857605,0.2322799913578999,1.1173222490432182,-0.1723315321197456,1.0468195437939596,9.961546323958093,2.2229522860092175,4
6.1193650763624445,3.4329754730543756,2.9775843383931693,2.948799658267248,8.21592678890584,-5.2802232636867075,-8.06849926952772,-1.295520827587033,7.203028428033647,-9.216207355539218,3.715997776481908,-3.9937147507329964,5.9098205283459695,-3.183264444467601,3.1097419868383596,2.589182034679865,1.3619545018941634,-9.564033342310285,8.114503519534903,-0.33380859040800165,2
-5.855085073593857,10.359463661109594,2.8591520234278853,-3.9215826426299922,-9.237383898628684,-7.65159507139002,-3.224833544979167,-4.004194064684254,6.260228654017062,-0.5894469711312923,8.820851010270964,-8.791201984788753,-6.65510069379305,-9.595537240441658,-1.161637454652607,1.7781136585436714,-1.9411125672072225,1.468093093894974,10.289161064274627,3.089400543990136,4
-1.5379489621619107,1.7003459797110811,-5.012501240907746,2.514059219734706,7.835928064336149,-7.461166879129871,-6.59849278470998,1.510246834222047,5.633486896660597,-0.7500123700659889,-0.8795260139897846,-8.637848843741548,-7.7228332368571,7.032060246348587,7.201328582218443,-3.31266286182847,-0.34082932027661883,9.62920196244251,2.6331085939919676,-8.399453994873184,7
5.158013734051539,3.017916335645806,3.1044229495861098,2.9979834748041387,7.140696874934501,-5.3888440358051755,-8.567746293407252,-0.3618195117928278,8.513467153423667,-8.581697528219257,3.6396688142351064,-4.650277879266453,4.399119209096034,-1.9110445533123526,6.479510687079885,3.5624001697145466,-0.18296925496187222,-6.404096691262602,8.971796728431082,0.16929936848260496,2
-0.5180079342725903,3.7239215941150086,-7.169357104038053,3.176888223897022,8.823968084870039,-7.650696992577327,-6.2911968671248015,3.5971922920189012,4.546570989933022,2.1344032197729823,0.20685711043093324,-7.120863573888752,-9.214168821966037,6.0346577592776915,6.624972626663508,-4.368094347618484,-0.37380812944652925,7.962674462679596,4.8620706005446666,-7.771646326745857,7
-1.9902748349171853,3.956926588089484,-0.151016036851793,-0.6840155145419378,2.3673689505421645,-7.999580485633706,4.793502441329107,7.77925329538115,-5.307819215861506,-6.43601544787883,6.496265219446075,-2.564250591284167,-7.341121566668431,9.914007288447122,-0.601649207309163,-3.3228958270697717,2.224200894447852,9.20480156235875,2.7233566243264864,-1.0651434402986828,1
-2.1318822386859155,3.9558041533639754,-0.3263705402715231,-1.3122299939024649,3.194115592893257,-5.24149795614482,4.067913049109343,5.894909159357119,-6.0419583105699495,-6.292215564017115,7.331820458831831,0.36190716129820255,-8.452839100126024,8.82848649132969,0.5693167498631924,-2.0311323957196885,5.651587560073592,9.43729457382426,1.351145646985866,-1.9795374044522374,1
8.874781187474877,-2.817246214288115,-8.1024726825961,-8.293466364580004,-0.7732123638815126,8.244204941324172,6.348031888197343,-4.488749686575295,0.5999851987313773,-0.34012898596274554,-3.0875655445707704,-6.516564247456585,-5.234418501503051,8.3232492279935,-8.4887560805853,0.4255840137704292,3.8396593172321243,-5.550350282867393,1.0589382291891623,-0.8512032921608572,3
-4.71642117374896,9.8278992710208,7.866830494402709,5.194226193256594,5.995276376286681,-7.385927043485335,1.8089986858483806,-9.763314814136237,2.9495756732612444,6.424056309637028,-4.657016451041542,-11.118318444460362,-7.268410845346513,2.924557317650206,1.0760327997828152,7.894966076109146,10.919404588969403,-4.658185880864707,-2.354079874520301,-3.6201127921850422,0
-2.928534435432753,9.484759836793831,6.335981596244874,5.664620843733877,7.612518490106444,-8.142700772587528,-0.4672178450647815,-9.236991114032797,3.4308814833211816,9.081558724857986,-4.625004881872276,-9.877480429822787,-5.829121937850171,5.987057232244478,-1.357424245775574,7.877480300928327,9.807067325521619,-3.9138161505618587,-0.48130113673764846,-4.093882360800652,0
8.272627583150124,-3.809658971232927,-7.028587472302877,-5.488792940019964,-0.20167727468376215,9.828879836970533,8.140308631099726,-5.226749734607212,-0.5217070728111842,-0.9343020385278338,-2.1859182654846854,-4.284659720559643,-5.322808952904868,10.00523004071661,-7.6139388687411955,1.6599027832312578,3.5025217724731004,-7.683561489630982,0.40137863055322753,0.07150435726092841,3
8.693266134643302,-3.2640096693534892,-7.215610978542088,-6.3765735142687525,-0.6648592243314054,8.283390294240466,8.145556421560727,-3.6715095219693143,1.4256849883586868,-0.34586669213847704,-4.482188026039211,-4.022814238824006,-3.867867728856066,8.102000222704588,-7.758971564565493,2.872430569476182,3.767983701721367,-6.784174350655405,-0.07266372154032885,-1.4569240310956797,3
8.419888866440472,-3.57427938920276,-6.752701842840749,-8.666762835204779,-2.308813782036509,8.805955821873718,8.304404559643382,-4.6565520735493955,-0.10021315832007369,-0.28848055480606405,-1.354522888167601,-4.91246995078537,-5.2448181928178075,10.57903488389649,-7.667683875717355,1.882098074458805,4.663562444395933,-4.224002558905458,0.4879993344360467,-1.422199233047366,3
-4.151897110065569,11.079759341181628,3.5913831983435043,-4.16528181440512,-6.79782290383085,-10.600365832423332,-3.0364939633961234,-5.587124939357119,6.195666618911463,-1.1384601461379609,8.994828437876487,-7.0861623145828885,-5.25070552927442,-8.237771659912463,-1.1440200337332713,-0.4522243894398157,-0.7556664209701683,0.5017316552790201,8.947275529854656,4.16702978860468,4
-0.3435925791420409,2.8346211824395313,-5.256940409468957,2.74033347358286,9.773711145482483,-7.577857217730166,-6.355934659436023,-0.05897807103889208,5.956270337403589,1.7528922972047722,-0.9189019396192225,-10.910723380463192,-9.027996429616353,7.036898856984695,6.6804514198959755,-4.124285967103385,-2.302165631786293,8.647807026329556,5.9834527673615865,-8.113182501074055,7
-5.673282193990856,-7.375022310601169,-1.7003791098255732,-9.687055264756598,-8.532761407620624,-9.84980673412825,-3.929676533021881,-2.63892316279433,-9.347036815390764,6.810533798938473,-5.175310854554123,5.179467532137304,1.8722013638860469,-8.581059986267533,9.077474739963947,5.258352146934998,-6.841409575185714,6.2348169742346355,9.246808572482154,-8.851550989878472,5
-1.7244752179197027,1.9306008320583379,-4.44773103053896,2.3119450749576047,7.997595176871643,-8.471412846894735,-8.214249348164326,1.948663110274952,4.166302885044539,1.0423534802633174,-0.8858442281331667,-9.178831298928678,-9.96409864676066,6.1126175168771475,6.063230649062281,-4.252697299432265,-1.0836408910724544,9.001623174134574,4.600172530345987,-7.143138517863125,7
-3.2245347021684596,9.083065484713844,8.062641517810547,4.038369276619235,7.797616939793461,-6.580492752547883,0.29007483585354565,-9.99732855128261,2.1471841550980426,9.792101734768696,-3.692553295911209,-9.531957369710057,-7.024427908651592,4.102968624106299,0.4225719170523832,8.593142358521332,10.01201630867892,-2.706729877189094,-1.1984845874737025,-3.9429433386708466,0
-0.9434103210613835,2.459557830056945,1.2340868126408504,-0.2428113112769319,1.189574624225182,-6.311662149158234,4.030853614726166,7.432441425792917,-6.57437105031791,-7.054394660871107,7.636595026046454,-0.16544751742452757,-5.162138797864961,8.689774915211787,0.9505847361162543,-3.0300962554301702,3.377949392724401,9.658701552354886,0.5398493200720016,0.43757512013047717,1
8.445450545048692,1.7641672547885845,-3.816609725960077,-0.025806823646092436,5.695776845746081,-7.774020363475474,8.552812968193253,6.167615773476541,-6.811601281508375,6.9079437538715815,-0.8227545842996815,6.145680532468436,-9.997123199889216,0.5104589284510965,5.7131299520960015,-8.651879657822718,2.677338674571649,5.258451146645755,-4.407759475651022,6.971203965331703,6
7.458279020068591,-3.3929893573280836,-6.7804878012196035,-8.966038724661008,-1.084753743938046,7.443429408340832,7.809768138519456,-4.478761611971184,1.064838442678007,0.05207031273098239,-4.433511743545743,-6.362018778447903,-7.105399099919185,7.214316629643321,-6.9815647015451265,1.4467826974195133,5.4830403902525955,-5.614236795233089,-2.673493520514011,-0.6005389159928767,3
8.671953480037747,1.8293811270518547,-2.5391047607951935,-0.5586564764113202,5.72060929300385,-6.571468050455061,7.026309177679859,4.03692955025724,-5.274548815579123,5.914475297570176,-0.5036517995870615,6.100572313772202,-9.574534102086169,-0.28457008819486873,6.23233636422927,-6.890244633878032,4.8585790764537755,5.192274559869474,-4.9731513781408765,7.368050229008318,6
7.718957453604063,0.24114258708346892,-3.6415803006470258,0.062438334337247214,5.200496495538822,-9.702997880079137,8.859700682922151,6.23046710313977,-6.289063170788772,4.5220097012834115,-1.4368537350058275,8.089960574024387,-10.2616675931207,0.9977339543286119,5.3588033682233,-7.881696853389952,3.4014101047347483,5.84216052653815,-4.314825704604777,6.485064705901093,6
9.929304780514697,-5.285281400895024,-7.97570002934382,-7.821587704793002,-0.07473039050173841,9.29509926790014,6.0817253915533,-5.3380184411092335,-1.5603636662353269,-0.8859826104372711,-2.5474402303777492,-4.751794498993655,-5.130687922680251,8.064718509237451,-6.938607770504521,4.043009575668062,3.2188549332121026,-6.48504597583624,-0.5256580771300198,-1.7234915837864588,3
-0.8895862657008035,1.1229340873130802,-7.502133508821848,2.393684978669241,8.495886723112132,-7.465111059621114,-6.902872771171894,1.7636695472898762,3.988735908796986,3.0326069917690366,-0.8222598068126087,-8.510332357974654,-9.644536585329199,6.013916811893853,6.94289474135203,-5.145338360549888,0.7929911429242646,8.55061247241541,3.923990930842308,-7.74110392804554,7
-4.742442101201448,9.704709843378362,6.221215699106633,5.292121505580789,6.345351676258865,-8.813786514905159,2.7119325744999196,-7.985449408444301,2.8454103349492517,7.019322522122007,-4.716821679915862,-9.267983634458943,-5.875648008243648,6.355642732800831,-0.43651885802555934,7.831107880169746,10.761759412494394,-4.510069783745161,-2.1937046692419013,-3.048545417361585,0
-4.61210112757398,9.258613435262742,3.2977729386554717,-3.8168727452903854,-7.1803424088371495,-10.001879604968355,-3.195341500333597,-4.391009233535613,5.443698251158273,-0.2108363718187647,8.951990642236755,-9.734077418580233,-7.099359652634922,-7.850421814711551,-1.4500698680773754,1.3964453652625801,0.4807251983185599,1.0683615470733128,10.14830241543105,3.4077092181981126,4
9.591991217822375,-2.795343069001812,-6.560931189867009,-6.653240807189158,-1.9401619409081379,7.865674863856846,8.105816597238496,-5.537971418779958,0.3869138899911684,-0.5493269526102235,-1.3789607779459157,-4.414070397249431,-4.160598113284386,6.129932581300811,-6.8714930781249475,0.4985754830657634,3.9138517829056516,-6.5845533657822095,1.3677342300111943,-1.2177138422870024,3
-4.601999710527679,11.167635456305108,3.122743352950825,-1.6993821425749969,-6.91419104586681,-7.047272458537388,-3.9868677887939428,-4.128850081696673,6.021858345144663,-0.540460347832078,10.557496255465084,-10.823756596005945,-6.505907914848364,-7.92720729998962,-2.7883535610610304,2.544118196972778,0.48278973272737724,1.1874508043386836,9.827835446005066,3.760642689008037,4
8.039178116752709,1.4423683463656816,-2.5541619735292027,-0.7055031194313186,3.791115344460111,-7.6504546069854635,7.331450501824848,2.5399560909343104,-6.664883441841901,4.645617817860968,-0.6388683561649074,5.735013535532425,-9.705296051317411,3.1303692635747353,7.030280735605157,-6.350590256222917,2.879616467907958,5.632335710154299,-3.7888412022992988,7.574226534165868,6
1.6146154703985849,2.3150086308092104,-6.562292435124848,3.0573402074111313,8.603602631545122,-6.375363538275373,-7.94924731066652,0.9893738218965037,6.708927578213091,2.6360828649179338,-0.3010362731933529,-10.014039925684722,-9.446989702882082,6.377202260515077,6.50447539803128,-2.001983563749692,-0.799044296163109,9.407011510560078,6.2140439698059335,-5.286379045736635,7
-2.7267533107971924,10.789850213400559,6.186686126768121,6.683236328542003,6.253488424693726,-8.676214216597629,4.2979917843971815,-8.01688909377633,0.8266082323710684,6.673068408049812,-3.4750722724946064,-9.356676088623107,-6.530049501820579,6.488360459896468,-0.6140791655870032,6.141941332278661,8.07276026417026,-3.2835983090910372,-0.584889438474278,-3.839341299312931,0
-0.5072357541523844,1.6735822571501102,-6.884471309502466,1.5545548401188058,9.326658565666524,-7.167373330700224,-5.742543300383872,0.8299120412856942,4.9437869103051035,1.9751234966854634,-0.6223358188753685,-8.59344862639417,-9.860787583996892,5.838801874243037,6.056973203145543,-3.172708939152763,-0.4272452489955745,9.989301152796608,2.9815757856655445,-9.356665515642094,7
-7.363578897640165,-5.5139817633581725,1.85338233333369,-8.915954000237697,-10.631360271759762,-7.95186688992606,-3.324485031741229,-3.3361206668120036,-9.819051671400457,3.434823976176127,-3.189516098934064,5.337485365884151,1.564666879284538,-8.860518004233162,9.493674979656321,5.01560332012366,-5.730050563296958,8.167158787829132,9.299613859754675,-6.370003209408248,5
5.0728488451598635,3.633026389450978,2.966530345906431,3.583186322793003,7.237096848363113,-6.730485108873559,-8.564992283424342,-1.3282414513484049,10.193729294815721,-8.133045559878338,2.195149122739197,-5.6158621979152645,4.008689782957662,-4.9775686124875005,3.079046820916984,2.027399922062122,0.6292896311483733,-7.445182906222525,8.562505644106462,1.175104095225772,2
-4.089078196970106,9.948221176300247,2.994055640272557,-3.007951490900875,-7.916291487259365,-7.523550444357713,-3.770841165947427,-2.711277629924378,6.915010600373063,0.7932749476051373,10.110892334001637,-7.719241475311121,-6.314318174955637,-7.996901364211972,-0.6121719580731553,2.3537022742993416,1.6445619658137167,1.7897605213170682,11.925302038004386,1.3841209937030172,4
5.153647758648452,3.0032283117615135,1.2689560394322301,2.8740074415233505,6.878506054555318,-4.302859804920209,-7.824006992443065,-3.301485822972197,8.095757824835882,-8.255109947921616,5.638721615321168,-3.0024053000279425,2.0981193525211985,-2.9002713098209303,4.204223157557184,2.469209194948252,0.5983459294462625,-5.382535048537646,8.18460076594674,-0.05879918177080956,2
5.892207197302514,3.7237829537227003,3.2404229536735563,3.521650283244845,9.643836282343257,-6.65615218409647,-7.163904734394638,-2.441237365835689,8.218122822371832,-7.8603129371265705,4.830777746309069,-4.380760464687636,4.098876182579187,-3.4071753616055402,4.349054036747712,1.252396207098148,0.5100062150025994,-8.69314538828755,7.616446278697536,0.026859496503194025,2
7.756270870676149,1.5765073567674697,-3.7520135519267224,1.2689566868450852,5.63487647283794,-8.297815441531073,7.805226971263466,4.6160331799141545,-7.308004143550141,5.421067474285667,-0.5502366981757786,6.322376788002316,-9.111785746519816,0.7957075977419681,5.725239010930145,-9.056270405483529,3.579589668463589,5.278547776684069,-3.88352759663914,8.896799832949686,6
-5.36744809951121,8.207743348408759,3.0011254130381766,-4.2580113559979145,-8.90213189378339,-11.283671494157533,-4.6910805053777,-5.745186670094791,6.625277070481742,-1.5889815428030318,9.170343242714246,-9.8244494679127,-5.816541760154742,-7.069559574289265,0.16152288531386794,2.092931565746125,1.0385583638252704,1.7043974819452246,9.876906590170945,4.861757116336069,4
-2.2371462362412955,3.2772899154863144,-6.169624592164455,1.6325703817644528,9.134096481005432,-6.349386206243848,-5.584295162538502,1.626748353727104,2.5171973561628436,1.2801272283399512,-0.4418472569601306,-8.852617617311061,-9.167914752439394,5.844475343916064,6.655177496402602,-4.40606982230277,0.7331576409131908,10.006441373170517,3.3876774891196524,-5.40514284602509,7
-0.3029605665793562,4.067637659921567,-6.74101159327214,2.683413710583025,8.391515690609651,-8.358446922254263,-8.065965862845278,0.4266978804840986,4.082591828086135,1.700241446638353,1.0665608935673914,-9.816334236380607,-8.838444945839102,6.939482849120093,6.763354535470605,-3.331352473356808,-1.6028886547563426,8.72764546394432,4.102630709665181,-8.576974571088638,7
-2.037092112816698,3.6813757158726537,0.8420060139190814,-2.7408997430756328,2.8464598381823896,-6.913345656647043,3.5961879137090538,6.586634989847017,-5.412434083846818,-6.820549809215103,5.970127616103172,-0.6123542989594122,-5.577616268229869,10.447299508631353,-0.7231472078967491,-3.0434397278134444,3.686364234468356,8.50302675054823,1.1322510282372393,-0.8021745726309744,1
-1.6400171484417472,2.4823144499973693,-9.123564217688436,1.8871230725262635,6.981488515766967,-7.914620943729004,-8.14513842954084,1.0200153422294482,2.979702854533125,2.7093807838738777,-0.6332210321833399,-8.265718013078677,-7.745904758972928,5.733564816452165,6.525037750091691,-1.752913295551103,-1.4013361124987824,7.813750802196419,2.998933557788461,-6.165934837550223,7
8.206241507579305,-3.5617438337205005,-7.04084228269003,-7.0093430728874075,0.4940116151072842,7.863355573537718,6.909529510948387,-5.343568589600573,-0.09867882798167302,-0.4461832664776003,-1.2277347287840958,-4.822707951250526,-5.2168253725990175,8.350184338605649,-9.660482137185358,1.1041451003367797,3.5029016572389455,-6.019208127635592,0.29291976057168173,0.265249186371022,3
1.3880576728635214,3.792465180614382,-6.787775382393277,2.7856796363788785,9.340654252407628,-7.808238056403595,-6.016948574431776,2.819937675113782,5.471130509526381,1.944998700720841,0.5916438310143112,-9.157628584590576,-8.074735229853797,5.2135637958292325,5.7232098125694275,-2.878959209135848,0.2730159993079293,9.326256664742504,3.2891924593497666,-7.884164536848853,7
0.5095137133935758,1.8109947829867976,-8.27029045819626,1.6700041613369994,9.109072665846426,-7.00197691497301,-4.992323891485799,-0.5511647221256681,2.730531578259023,1.9735335388951505,-0.2490441523225204,-10.983641086302299,-9.157548323654817,7.059782212122762,7.245198324733504,-2.3377621678573335,-1.5231025738326929,10.674165749778005,2.9716823867762674,-7.2587496951564905,7
-2.4348832121181876,4.391325739691363,-0.1412798381730973,-2.697881587218001,2.4686267178030317,-7.522018197429283,5.6498214601946515,8.449769048356812,-5.312579644961212,-5.705807052942812,5.808336023933957,-0.7836039417106211,-6.249216974314909,9.698097770236592,0.875909591322692,-2.0573453285089824,2.571010951388465,7.587180495344426,0.7385717985137761,-0.7310850188754149,1
-2.349983495947881,4.821552189141296,0.2282221983641739,-0.07193667248887214,1.9038024059597083,-6.9277393887272725,5.7562807859008185,7.8094038072453476,-6.744088693742226,-6.220648543393558,5.677142817501963,-0.585045675870159,-5.426184683725457,10.929351798001784,-1.3539350590175179,-1.4468293596633814,2.619172113338138,9.770301468808414,0.17576412089568594,-0.4520581534174575,1
-4.879266443340294,7.654952582055906,5.897313200330918,6.2170271962242545,5.352398762331315,-8.654719396313325,2.302870582745817,-10.069286033051572,2.55978191334711,6.7570651078007735,-3.4259311255336087,-9.695999026401427,-5.815455889434029,6.197365343328911,0.9630107069086224,7.073839528213429,8.122366329070518,-4.947707678263067,-0.020228287975367687,-2.5687495378972605,0
-2.0683544881991307,4.905902225030839,2.067532179767688,-0.9171243820917068,3.3706288008669985,-8.210575460909926,3.852027181820925,6.412608478361104,-5.7674126918337825,-7.105553792049511,6.225278455290803,-1.4561420920228814,-6.11461817183404,9.06339555197981,-1.9862068571142013,-3.55930157368957,2.722231217422854,8.182035196800427,2.89022719925609,0.8265416670564318,1
-5.954224051567047,-6.981232613559644,-0.8158057238019192,-8.052784972389588,-8.9274992851012,-8.808199344638597,-5.1077765260503,-4.431595726677981,-10.849514502061815,5.862330659696476,-3.7649561245479433,3.6898631788646767,1.3110675367404516,-6.6520138759776115,7.753018390794956,6.1529105317329815,-7.425473486201001,6.167916598270749,9.076665600615934,-8.464772185734216,5
6.5694523178589925,3.922512188256666,2.7867658530340083,3.2199043903997953,7.735208222757061,-5.244797980241958,-5.506754880876308,-2.191690276544361,9.565478479976113,-8.686096864118579,3.056197186332255,-3.5127908158777714,4.20126219740388,-2.364232039124417,2.326197359829501,1.528773213045754,1.9775657100992077,-8.70814744945906,8.638519341486553,-0.8734965976984594,2
8.017581662485092,2.104455217742599,-2.663405817186256,-0.7481936711022555,5.593283686246915,-7.539048453744687,8.049204498727844,4.767160524772977,-6.392016348733482,5.067435726214412,0.31574531027999964,6.95765556623716,-8.262351409303337,1.74021675152933,5.083746692692285,-7.199332618572819,4.419960913848643,5.3619812307310255,-4.432298722328205,8.173687030506768,6
9.110871132695964,0.694527344643658,-1.763882357191793,-0.07486805528706264,4.984857145622521,-8.333649559268697,7.053945509858707,5.77977717609694,-6.843818030034399,5.073620567450821,-0.7316151029241548,6.070226613193369,-9.81818622909792,1.1680333966887793,5.249029218655893,-6.798117114850365,3.0054514189090464,4.538597315757928,-5.739204634244,8.76603295023123,6
6.050523153224362,3.1856692975774754,2.2657579667132053,4.1971495982091955,6.5402332230831925,-6.330688216791916,-3.460205874150223,-1.4738402128848067,10.994669241046907,-5.5254833163279855,4.339307242917441,-2.5389318320253693,4.975246115189617,-4.2039833436017675,5.022172271633627,0.15963932951378657,-0.4536024106324861,-8.477864862956517,6.902079056581892,-0.321183784796438,2
-4.218681190282339,8.851272723736239,8.871021802623057,6.576648755580303,5.867105223157922,-7.611761336245412,-7.478864523435824e-05,-7.922237298112007,1.9228966404319539,6.779909857121418,-4.208227823848718,-9.706837251430871,-4.416356677681417,5.702021817656227,0.30715329776867806,9.502829949167802,9.140948088532904,-4.497778401064999,0.281062084744495,-4.01555570516259,0
4.752301039250529,4.257758998728655,3.325921457449677,2.967087131876352,8.485656008679841,-2.344664090560916,-7.382165533190086,-2.477505348185867,7.661746354968117,-6.428868190977153,2.4915847599834477,-4.235303908042143,2.6850507002834667,-3.5817721862836187,5.005292259884963,2.830892868397669,1.043294202172244,-6.439716355233882,7.961531435911963,-0.49219133416692346,2
-1.8964524150550361,4.644903045823604,0.4236476280922954,-1.9041770267569216,2.32045365803587,-7.402065482068816,2.0041756378880664,7.619890603140451,-5.368154622274707,-7.286061287735555,7.393544525125073,-1.2784995556266066,-5.914028096330941,11.806056353147731,0.327364544777917,-2.1971966957198252,2.8979490269195707,7.884422020568918,1.5917647825653147,0.9181079294834573,1
-2.950123368884939,3.7208731989790405,1.01648411620931,-2.3296698239271665,2.875468333344111,-7.762316385263454,5.004711604717891,7.2218146413870725,-5.667900631086128,-8.332587482753151,6.533867187439152,-1.72191809939638,-5.422324929505435,10.411200491884673,-0.009313028996377204,-2.461473141089535,1.6237214861907863,9.634829808026518,0.7486952104121338,-0.11249166202427574,1
5.3363341370701285,1.4035010920770512,2.3409533307258057,3.983008454123241,7.322787594683436,-5.1322240436285265,-7.090130850492363,-1.0286066611943216,9.379105518494262,-7.5595187501965135,3.407566305915078,-4.292622940542791,4.151457021053138,-2.040417392111977,3.831557188088045,0.9072886983759945,0.6612802150444936,-10.243077345503153,7.383598060822242,0.6750771129791024,2
-0.38689345408557557,2.932879146834412,-7.696769130469649,2.6583674810955995,7.486312734847429,-9.778778358009063,-7.559824551972315,1.7433612557380191,3.41818079027741,2.1837712281323283,-1.4651056673971004,-10.816859216738884,-8.92957000301823,6.993407129747016,5.64420391111256,-4.9412300652709344,-0.3994353260398785,8.245865729437202,4.564314309519556,-9.139395123816575,7
-5.550359889718494,-5.431694510986885,-1.4711186894005044,-7.543136920038702,-10.274861879738276,-10.64489489167437,-4.7235599741353,-6.578235166196748,-9.496737814995313,5.56542878230909,-4.78795771376352,4.2854701030227496,1.3276708237321646,-8.179637147526734,8.894901832983079,4.484889945277218,-7.5898709629482575,6.732156490560897,8.256990932999356,-5.821170571919073,5
-1.4850844074096237,3.7165676100669236,0.959342764189681,-1.8144283989197676,1.5172860974528666,-5.812627387708337,4.212027957189747,7.5510813495750115,-6.594531574253026,-6.718639775995202,8.623108228991569,-0.016656184811105867,-5.827773021615769,9.844408923131908,1.63230713499093,-2.7884168183071067,4.702239479913461,10.36651386787589,0.471124262183894,0.940168315209164,1
8.740654463719018,0.5964195559848265,-4.3984460156466865,-1.6261430974000617,5.473493641003688,-6.5234309665023344,9.444714191137836,5.2261021488335695,-5.539954996525154,3.019774388967567,0.9988222336318461,7.6448140917002085,-9.524362776537247,1.5614199615210138,6.880740144279104,-8.789945965183973,4.261744703364898,4.706551831650211,-3.94490159824448,8.135194044947228,6
-4.07070109208821,8.77883877797565,6.313841549896018,3.76846545428468,5.276105795902653,-10.040630792379364,3.4026904766128068,-11.15466109052533,1.9064855165193557,6.663769766681977,-4.501978525957537,-9.901136395907074,-6.4544448360923425,4.349153554641931,0.43344514862873873,7.071310953293533,10.267952420271998,-4.875039184344731,-0.7465464409790836,-3.2655948919967437,0
0.04603996568367126,3.5513430799449153,-6.399618159067085,1.657728865928108,9.735479819712351,-7.841856649319719,-7.721046065538946,2.0228431114901366,5.515818749633493,1.2249517670799897,-0.5899594144647453,-8.92488025548278,-9.927763086963349,5.829026410384502,6.568987881610808,-3.928621693978422,1.1903356470109214,9.234832190454854,6.070228723608044,-6.928870135252353,7
7.02073936324351,1.1183927053978215,-4.4798643698405805,1.0880021676676117,5.473456991918836,-8.111217010932002,7.77681335230194,6.035598642696777,-5.864617048180401,5.275097202811938,0.01771380051190738,7.384642400703472,-10.364437653613221,0.6458694430666874,5.803039181250843,-8.62104770463985,3.1308703597334673,4.661852171698975,-5.187635604505383,8.9819133879999,6
9.219024618938846,-5.864333063396618,-8.609547969119573,-8.088395732118217,-0.7442956260381168,8.345670017119918,6.60223603793029,-6.666335685234655,1.008894226012734,-2.651894637841456,-1.7369693907916741,-4.460498499283042,-5.316056376322547,9.021041416172812,-7.832949300972387,2.0384740324458956,4.036805549746848,-6.069429082535322,0.1894942641327248,0.6091687250634941,3
8.26601444905132,2.6285271439897517,-3.318019684972829,0.07206385283074013,7.242854525319003,-7.598929777098078,7.116433025276366,5.775396302034456,-5.891727550609501,4.853065327981501,-0.8464729568168005,6.7487455144854,-11.072873031760354,0.16695628534588047,5.815400428221387,-8.25178691426327,2.9542367206580433,5.436938375800046,-4.079068959467336,8.008935821005183,6
-4.751400647027674,7.414395289409059,7.766389012857622,5.223843249273848,6.424746124475935,-7.776477159595174,1.1842564348418272,-8.136737829935713,2.1892449069018793,5.839248921435177,-4.847495761560382,-8.830049232446356,-6.8848946831637505,2.7847143582341616,1.0090691141934054,9.563653138788379,8.345549461256672,-2.4724973629410494,-0.8058184184480173,-2.278281455362838,0
-7.705406796633261,-5.5571089710621555,-0.7671180137563051,-7.249192963511945,-7.544151520094211,-10.308110924410721,-4.473102267202725,-5.088158896176944,-8.637698469466946,7.429725877357019,-5.297968376301293,4.5139494680067385,0.7192253780151778,-7.691542971383381,9.30558118682147,4.694408502527653,-6.992746387458256,7.351567490077609,9.69075681392017,-7.528683428148008,5
-4.16658063959919,9.987894796300177,4.933586687977964,5.04573553668839,6.212041481916537,-8.458887908975907,0.9855834169684552,-10.18283536763616,2.97444585666471,4.112946481859788,-5.325168408796034,-10.004331522097246,-4.702511691414012,5.4290723312023115,0.3396540454586069,8.107230556526153,10.212120307964438,-4.700364333063356,-0.02048196497150223,-3.6058632726027025,0
-3.331023900453823,8.29656152181341,6.7210904847119215,5.321774386064957,7.686548569703584,-8.006763105763577,0.6187171414794944,-10.466364067369605,3.365995343313112,7.923612517241072,-2.442064145052288,-8.980114924751573,-5.685380949816082,6.790239879652005,-2.7645645947315884,9.315475462937364,8.239641175572649,-4.097489576557884,-0.8416904007420443,-2.6627623631294726,0
-4.282689830694931,10.89238479717432,5.375002797276677,-2.267619280333911,-6.560374186454048,-9.974781944603341,-4.876099166720223,-6.136360483046903,6.522574010083622,-1.7925976107754409,8.238711243301871,-8.770823076961072,-6.833420864868433,-8.281157658235275,0.47450696419079597,3.0016936320362557,0.346040514778684,2.0075773265485055,8.357208488674072,3.758703306097471,4
-6.144560271283788,9.98614924434873,3.5692475646112594,-3.0739394596847847,-8.075911487668938,-8.652127723848098,-1.3719047227703922,-4.270897052553632,4.751197529404941,-0.2177595801152189,9.313971498234222,-9.2568163568055,-5.342333489783305,-8.981361939014167,-1.049005366788781,2.371795204746473,1.9742983976747743,1.7604240630079533,10.713585859431745,2.261573197611879,4
4.641890860965147,4.446669405577559,0.9073796877652007,2.172079235263698,7.979799864154091,-5.177315160285796,-7.084883003548138,-1.7444684574641127,12.044239813350352,-7.5476997803113415,4.969843572669314,-3.9573601169472217,3.723243429540872,-1.844431445042621,3.6956447498851155,3.4624646250838333,0.3834535250816812,-8.070062161628034,8.13475344725647,1.7467933055883682,2
4.871618054869694,3.5116331408444443,1.5619214970507695,2.8999208346304473,7.103615187249709,-4.825977994347386,-6.2910729896651825,-1.6686250414107382,8.398020923912304,-7.057522818221691,1.9673650368983466,-4.719205034314255,4.161836567922705,-3.2811067490139187,3.991504130992657,0.5259775367213286,0.02239746918248775,-8.092995547660363,7.4228505604663315,0.26756506150304915,2
-3.893109514567801,8.762638571230553,5.819012218825642,5.3848186980664146,7.760868313242387,-9.263065634209212,1.864291070498341,-10.361808424717267,1.781062757822825,5.491871625459025,-3.8684454539948767,-9.036989815544294,-7.8020176932458245,4.9907042575769776,0.2896902728303925,8.432396383004708,7.534291274384252,-2.1987283653193037,0.7377153984275744,-3.881036569361275,0
-2.9779580228340814,8.024378033209665,6.444796245559614,6.172015355849935,4.514859375335826,-7.847445929912746,1.0816286069630203,-8.810907466149237,0.9943500671051926,4.379616924521583,-5.9101777449862025,-9.44810847381613,-6.0053448706477965,6.575401010649825,-0.34267761460702995,6.753629738479285,11.036209054478835,-5.273071988285241,-0.5231989261393521,-3.540552290833047,0
10.566387339636776,-2.906544104914248,-6.637946227361283,-7.192866585550986,0.82878591985807,10.325678145686574,6.5682187411503685,-5.597161540315737,-0.7088080233878268,-0.9254116474194584,-3.6653322521314555,-5.733003205249178,-4.290192430747941,7.618896432576641,-5.271632675117731,2.998708002483851,3.9748810918354502,-6.580932741433508,0.48356339288900285,-0.27515306164598585,3
8.10596200564795,0.6952229571215333,-2.0749184364464552,-2.074647126350679,5.0757220641135445,-5.681627713909261,6.26060567930654,4.866622245067342,-7.977542449325265,4.537906756784626,0.640434858313002,8.588294533895594,-9.659028874610089,1.283213505299909,5.958780854498022,-8.552185734484866,5.309209808842236,4.469192452391576,-2.8850811326867127,7.8260151374874205,6
7.370357807686466,2.251802367939399,-1.9628271878931567,-0.5977384810365761,5.555953761897241,-6.631626608808418,8.633415136351045,6.044372290794354,-6.4728445606068385,4.444599793820336,-0.5875094321064738,8.890406964406987,-9.435089322152862,1.1690113104388558,7.224354291828887,-7.738084580521228,4.296526175248761,4.3518514994167825,-6.727489907970831,9.730365268434989,6
-3.092114621624173,8.80400195074003,9.481010010565136,4.590145445881999,7.235520946270965,-7.808754431215676,2.1401166557636166,-10.441361999392635,1.909119991265757,7.0957331664332,-4.587590476037791,-9.587621754964811,-6.308495496635939,3.594778162537916,-0.8371535420077363,6.50883089788442,8.554184133137325,-4.941979955841881,-0.4764407884427453,-3.5807950578363603,0
-2.251243989445146,5.362223495229112,1.646761119577467,-1.393607256687724,2.7508611083935395,-7.231401640587616,5.4829017741925785,5.670499839306121,-4.07931131322049,-7.8608053062370775,8.161497091816692,0.6941700220307765,-6.473429054748866,8.69447977269257,-1.8340217565764672,-3.074293040364619,3.3213006712271014,8.039976597909456,1.9206199303202083,-0.5607037059858382,1
-6.39671980094036,9.47249468172599,2.8054097300404783,-5.062416472674229,-7.6484849834300235,-7.388758206507005,-2.6097092779789377,-5.215662300322536,4.9260429808788295,-1.8452552961715596,9.545870377387402,-9.663037073113006,-6.42901095039689,-9.998118866144928,-1.1589497249778857,2.348959896370613,-1.43760469337451,1.406837985106837,7.775779877475578,2.0918639463331683,4
6.472637535073193,2.8512591291420817,3.120380980092515,2.626216266413823,9.000542649410697,-3.7983258671994107,-7.803579183246594,-2.205256597512499,9.273717526539487,-6.515186792866883,3.9317070766427245,-4.285400660405294,4.64521003983552,-4.030929004750533,4.816934339889642,2.1055219926079825,-0.7200623130735637,-9.985504453266653,7.547741637832201,-0.518441625718592,2
-3.3433318062737865,8.971526199349302,5.854522305642845,6.796214022963864,7.731077122679944,-7.60999581231797,0.492621742855617,-7.879015920197148,3.7988975316807774,4.844485086586982,-5.0003082342917375,-8.779664840456281,-7.265705278561718,5.208216822882192,-0.877282495359893,8.250863431238756,10.160788789572571,-2.3601488769954853,-1.444960934190953,-5.271581161931001,0
-7.42415893932059,-6.429337847468776,0.06257926816556637,-9.07278010028545,-9.101563031731308,-8.961202942840323,-4.7045881444865945,-3.670080960802639,-11.456430105143225,4.92365487146548,-7.220296160816641,4.118433210299749,1.7856851400264768,-7.987098416280133,8.200590485696903,5.040282932162413,-8.163306028545257,5.970060153154367,8.74125805728857,-8.42264544589574,5
-6.216092996268327,-7.041132133136085,1.6247773401566208,-9.415107247333095,-7.295155685018855,-9.555880428970381,-3.8692166806949575,-5.6309528776790145,-11.068046526381806,3.9576338577131773,-5.644153944006551,4.1589435734437785,2.9680091553344545,-9.88956418463745,9.034348301536582,6.991218346096724,-7.735328290847617,6.731110673766997,8.334496400068018,-9.222583475950527,5
-2.3775864112020586,3.342404469231999,-0.7533713321216633,-1.9910107047110368,3.1913241976937665,-9.134478509742479,3.698316575014559,7.300977720505381,-4.4686021444047945,-6.961358913954731,6.777778802038392,0.2525743808085421,-5.91032062150886,10.339748965880723,-0.04132972342311314,-2.600960070563253,4.634790984760233,8.788853479279704,2.25940251016937,0.4532472878457885,1
-3.748582571308213,9.394890132437547,6.931273787261169,5.29933189503601,7.168587412602836,-8.580491527369512,1.3697376035035318,-8.42795141961293,3.9166000504033827,6.48969502553982,-3.812110012474838,-9.04970502455346,-5.985289830863627,6.586550049329295,-0.49586114068877174,7.6894666610864375,8.968830139710295,-1.899070240468084,-0.360932163226261,-3.120048885890228,0
-2.3814312041931975,5.4075321552830875,1.5985281992370997,-1.485960836890704,3.464669949137013,-7.303867482090014,3.8561614182370914,7.608981211853278,-7.746973782630362,-8.271125001834601,6.611338466851528,-1.843028360649817,-8.097621164891391,8.166557871966864,-1.1069174169137315,-2.8329173014097746,4.3708603226974905,10.001741272171133,1.846642935544126,-0.7713905025311434,1
-0.5394020667152133,5.489786358149716,1.751518325040502,-1.4765028776751818,1.1578168067659576,-5.758142066517947,4.983412617662305,8.29338623972481,-6.819254758697275,-6.189955293858311,6.657559889408942,-2.309516142031068,-5.495640060631899,10.342555214246424,-1.7177427621805816,-2.209842757028033,3.4819171846608348,7.453281811169316,1.7142482328616941,-2.1879384848076944,1
-3.253849067606814,5.110323906454811,2.3595159672250894,-1.5486531184513288,2.7698434235776155,-8.860139779739502,4.724218048947745,6.425233451405793,-5.564227427293748,-6.942973937683928,5.594773986453699,1.0623158407508821,-5.656687983814911,9.480427473503967,-1.8938842635097972,-3.029267209163264,2.440314745438525,7.551864613746281,-0.30761103855970395,0.6983077896810501,1
-1.334153182043532,3.923429615272695,1.1253322093681557,-1.2380290581964488,3.232725757847965,-6.0649462047276534,5.760983614498692,6.989373981259253,-7.561731610056569,-6.121558787886675,7.404864425663052,-2.427146904239842,-5.392947424459804,10.900498692702014,-2.68830641595134,-3.600590953747786,2.2765914525704396,9.010355872171525,2.581518514628832,-2.4723322561231007,1
-8.685408870923922,-8.055766947331255,-1.621831891454288,-8.477423941842305,-9.506608889799558,-7.408425573312353,-4.350134339474997,-5.488020798185323,-7.7485949528182765,5.728560553662146,-6.1147986427270045,4.880084399646181,-0.0048156355594715095,-6.30697568785084,8.68944487632335,4.890656580957508,-6.205902613089344,9.784478406705656,9.821235617834525,-7.456300453692019,5
-2.6301667041006564,3.3990767621351607,-0.7429994806141558,-1.5678176728745399,1.6398656104822953,-4.3097380765836535,5.914103139473132,6.3682562136457115,-6.004773729968137,-6.0473101045854465,6.972779495888281,-1.6814786413789702,-4.055193577160175,10.589568443782126,-0.26724279461285083,-2.6619045311223823,1.3524436525165755,6.772145447666496,2.2146553882333664,-0.3323718235173587,1
-3.6892308413752883,9.375087997354356,6.316154671452498,6.802525582819069,7.948313308332493,-8.102485167553002,-0.47976733067201316,-9.407446731784166,2.8423427905225296,7.436949396109618,-6.112128438282986,-11.144957965839438,-4.9538208077200965,5.199957981916536,-1.7196765556871478,8.323644575794333,9.834118757665314,-3.5992465289082323,-1.058538008055853,-3.7437725387219016,0
5.798490279814226,1.9262013134909528,0.9540749685821908,2.471157489921504,8.677074363347597,-6.112000945925506,-7.000110188592513,-2.8624737802745246,7.676183520658095,-8.446112348739673,2.6503636012927663,-5.710316395925545,4.040366473031973,-3.00962926450833,3.59006741289659,3.0828297457778744,0.9687052257434938,-7.6271860859985665,7.699468148084494,0.41394986062725303,2
-3.8876905375208164,12.043950842311418,3.7900500459454274,-4.566053092297901,-6.580026607677265,-8.28253842710818,-0.9846658902316077,-4.939620231440958,6.029037440257419,0.14466314046780537,8.938509143659871,-9.05416455015787,-5.901268231090209,-9.018160437237324,-4.029198103189874,3.0544194566070324,-0.6402987680560347,2.1856358499573636,7.56360801031993,2.66328197992561,4
8.208906946170694,-3.189207126139495,-6.208752719766119,-7.867201109390381,-0.33409930739133503,9.38414592085456,5.682272212844279,-4.871516835714979,-0.2968211891637536,-0.8260853649196227,-3.4352566533393283,-5.8467333125720335,-7.708445769058683,7.932263663962851,-7.05182481633854,2.4927902662622086,3.2546010500757383,-6.140954816231355,0.3961382859284832,-0.6140924216950988,3
-3.596024688440382,8.588578804944248,7.3944299479318785,6.126834897126072,5.103026318708987,-5.986725742114468,1.1798112121983062,-8.870699301207212,4.2919833612945215,6.880969685364437,-5.263196552515054,-8.901238407718692,-6.815651215516571,3.3721084851229426,-0.6277074569089492,8.880386000027933,8.572931572356383,-5.27346648379696,-1.7390557018683943,-4.349961604119589,0
-3.6122806408598422,8.098428607481754,6.765423535955561,5.408368440905501,4.758287888629033,-7.130151110507574,0.4648689177366625,-7.926718518035819,2.221358376356111,6.333555045630195,-5.010716861256861,-8.674602008800301,-7.233939547679351,3.7355521258426627,0.6706054239488477,5.453687353990683,8.062640763578369,-2.5842650763112163,-0.9992571580013591,-2.078569605444093,0
-1.1963319907745702,2.4624603441415993,-7.424399807131377,2.4049498989388693,9.85828353959407,-7.470714899059736,-5.970874069963513,2.448136556959809,5.384165386787366,3.2120503661500646,-0.12310476532584547,-10.193629659794224,-7.984465240592675,6.313997335430817,4.675843720714177,-3.4090224924651342,-0.003465579245585826,7.134072221618775,4.884237039583997,-10.728085784988032,7
8.338058580068079,2.224820238969864,-2.980879166218143,-0.03759687249708499,5.2013869933269765,-7.028056455169072,9.276856870308949,4.720699613601507,-4.179606921971362,3.221600080846466,-0.8544665176006611,6.238566469132862,-8.629214324143197,1.0509120187525116,6.520628072375021,-7.204303531062285,5.925625815180959,6.638199120067588,-4.5263552038188335,6.685595060918985,6
-2.919425222865943,3.3542570606396045,2.201850389721211,-2.3591325877837077,1.4894197799269533,-7.258723986860265,4.905073056535607,6.506460800197423,-6.2857067698397735,-6.132766425474367,8.187169550604711,-0.8112699512225505,-5.999141128818987,9.715582637894284,-0.06806744017592109,-2.4476355124035942,4.132566661190124,9.470231412903614,1.1616406827682664,-0.8276977992167835,1
-2.8689802782114255,4.178729082835884,1.0418562755490983,-1.488657991936547,0.42516232961911227,-8.0246701256937,5.4568812151567805,7.556091410294867,-7.010124800648259,-6.100041570906763,5.863788903381595,-0.9373001823193946,-7.711920419345767,10.23181304480549,0.800658876746607,-2.717924780779014,2.4856301392410525,7.920224531461767,0.7123618732145701,1.1617583170549979,1
9.245731394755873,-4.86898786252451,-6.493120320579851,-7.258019876861388,-0.9051203877911864,10.983091082725801,5.697056399087439,-4.246935865777723,0.48969996453086473,-3.4212142058808688,-1.5872414466165454,-6.207367663055415,-7.4019977443466205,8.062767965977564,-8.380919882504921,0.33663552977499944,2.939125639369977,-6.961057730899594,-1.2526620889725737,-0.6613631045682018,3
-4.8497134105984046,9.927187038224117,4.337192752054255,-3.2521672800346426,-9.25054194123282,-8.037034348931078,-4.215048677589728,-5.416447373436653,6.779940837407468,-1.8633746948719714,9.418875503089765,-7.7311429639662625,-5.726524455269151,-9.11666476488954,-1.2206557805076568,1.969523907304298,1.5275480063486753,2.7025210936366033,11.27133399531029,2.295847218077553,4
0.024620386765915464,1.953476007568809,-8.244345789813146,3.0831821788503633,8.405127760201731,-8.03348768804477,-7.897856796528151,1.467480836483935,4.105970523990114,1.3977836268907111,-0.8785998423802757,-10.301254622972923,-9.805626055788181,4.770499500516396,6.616865746647175,-2.4783375704958894,-0.24599784774377276,9.087428215584683,3.368288331625922,-7.8962879644349,7
9.180489058500909,-1.9878315475678445,-7.417334922337615,-7.928075473469944,-0.8301600757631282,8.378058538612187,5.357841447163736,-5.392209901643415,-0.42060308728821416,-1.2958023089760236,-3.318826962661011,-4.553659279446727,-4.7668146708512715,9.109983075964653,-7.10244117831165,1.7154987819211662,4.63603771952383,-5.7394371574888305,0.07261058298201295,-0.11173832498187886,3
10.60165311191243,1.432929796218104,-4.315066961386178,0.03377175174210101,4.868590039429242,-7.281307987095891,10.209878271104808,5.874182517823469,-7.224155290296395,5.456141252305462,1.5929912623794475,5.977093953641596,-8.102493156601792,0.44949557852467703,6.357336956584007,-5.223404957884149,4.704480438048586,4.511170857626243,-6.425798443616238,7.840776874275485,6
-2.2202908294919523,3.8216766669681212,0.93660475977042,-2.728996350822308,4.408581118208417,-7.378725341558083,3.7381817191598072,4.8728752576719,-5.139398185067834,-6.9049026022068585,7.982861871754745,-1.0050608405722052,-5.3748931127460615,9.347907129764463,-0.34880959175615367,-3.0725539171065392,2.3020704863247223,9.888380169924007,0.5279322614711001,-0.11995929883289572,1
5.148058370110013,3.377372355897624,2.7997306390373478,2.929939182830433,8.508269413754334,-5.4563336002822895,-6.374372635301665,-1.3238688755317183,9.242566372877883,-8.658097986078023,2.7588002219422147,-4.510009028804787,2.4743235133717683,-4.5252116079114355,3.5463285944299567,2.144555994881357,0.14457667358603654,-7.271552108009907,7.249303533533633,0.695925366572973,2
4.3853019624859355,4.190121255803396,2.188456001200316,3.729268202561928,7.922634382285005,-4.124712316519789,-6.38402429758032,-1.5805962295275109,9.954317849344367,-7.394465041646998,1.3214989903766927,-4.832420368297028,2.993922866111817,-1.838547034836143,3.9208252723514123,3.2669596770052456,1.2652656987124329,-8.847471803498241,7.483316643773806,-0.32800104969123545,2
-5.586425907293341,-5.440767281755598,1.758091498423145,-8.510610104980676,-9.133545042776406,-9.5034320304638,-3.667967173794828,-4.409405654208928,-9.582912139396198,4.834011307921382,-4.676109430273047,4.014170687996825,1.547825487875953,-8.538315044946385,8.028127337620703,4.744003556311003,-7.544237535492081,8.8034335146776,9.160729575871963,-8.833798327419954,5
-6.5890377546858785,-7.806772465713873,-0.25151518896984043,-7.933154395541477,-9.862543212259727,-8.46423176562113,-3.688144396601452,-4.950825996372838,-11.75486057468946,4.016289854173936,-6.054124905210032,4.587039214747812,3.4064854563925158,-8.89419772651782,9.313159587618122,4.273704131418402,-7.146416181836896,8.356736648021444,9.954428077234034,-8.936853514446902,5
7.90840550005118,0.7092795077710558,-4.121300788961883,-2.0414955626110673,6.077513250176512,-7.873423798252933,7.678110555160057,6.2933188751390245,-6.8639024193189915,4.709540056475096,0.1983627918872366,5.906964567258799,-9.742886293325757,0.625956193466929,5.718021140571946,-8.322620315883102,4.782941503828688,5.868476768202765,-5.822305948438572,9.188841552139031,6
8.883506188790534,-3.7466178520902815,-7.100028290856723,-5.99425458397691,0.38239418612014164,8.406229414172952,6.4519679956748135,-5.134836646045926,-0.5104491361633362,-0.12118145988045226,-3.9652734454245926,-4.5124809302405495,-8.260850761548983,9.192915824480139,-8.67485424002469,1.9318508807763957,6.138454183458766,-4.292942565129231,1.1850069919309678,-1.3629558564053283,3
-3.909852050838351,8.607007570827841,7.599612975150502,5.187673799298919,8.660054581816851,-6.279935919679231,-0.030011510017269316,-8.039100265647557,1.6699892529964462,6.60127043641042,-4.532622998696068,-9.100645437467278,-5.624009334059464,6.372883868835983,-1.626260831597034,8.774958716083983,8.671459116105305,-1.9022643057345459,1.0833563766518817,-2.137309362069484,0
8.048012227268975,-2.9493686306484506,-7.174146523896983,-7.197137411367229,-2.221081180907614,8.048803942363348,5.516256622534221,-4.351222307469426,0.7776208934737432,-0.6602262114751981,-3.0132504313581507,-4.997005634254434,-6.3241955941230845,8.016584199569518,-7.989858156872472,3.421460237940801,4.818214099969501,-5.964964221454238,-0.5436493657241819,-0.06737237300484733,3
-6.72563774101721,-8.567213421945688,-0.5776237723406945,-9.753514640564276,-7.106067983251023,-10.081930082545457,-2.9767564327201304,-3.9592675273595175,-9.02400714479999,6.4529998536590245,-4.843746121136801,4.148365310561759,-0.08605675003694868,-8.044966562083168,8.589893830578063,5.640213881924648,-6.665967288050297,6.914527138089805,9.331182652661218,-6.4000086961428275,5
-4.577777849969516,8.029149730322823,2.0289441360844545,-0.16850562112090994,-5.171669746832247,-10.341251316842115,-3.3691309545392745,-6.678833613598584,5.193387219317496,0.06900657514441977,10.355250416925998,-8.610180437954702,-4.763066145403316,-9.173567581718212,-1.9186961987650952,1.5892020471987789,1.0917383689404825,-0.5014511835770163,9.889557658100065,3.325971932881743,4
-4.3902066147008165,8.91991090333241,7.2490180985836865,4.783884851277206,6.354109454644245,-7.112811047702652,2.2804831061513053,-8.236029872417678,3.4967622003387273,4.872547751189713,-4.451700766001001,-9.806550242573664,-8.223643113001994,3.4739826789286905,-0.9988852896716047,7.976258600068341,8.630993907144687,-3.0345198104152047,-0.509013252538272,-2.627760272532631,0
6.260791684482928,3.180400270352112,3.911238696360299,3.582365783465448,8.170814522279006,-4.021473435066778,-6.564287468230576,-2.101354116916184,9.547996106964638,-7.4903907034536,1.9210228055324539,-6.013524531944354,2.9599605021489346,-3.6600663603176122,5.408358700447251,1.8165367063321094,0.614418826874154,-7.824785668011463,8.747383747171883,0.2552574911493932,2
8.399983291586551,-2.16885932856294,-6.965533309236369,-5.666679597640319,-0.846155964226629,9.353380464764804,5.9927200820190345,-4.340562561866178,0.04281979693669313,-0.092741364174457,-2.56037342793334,-6.371691862013186,-7.226106578019385,8.069169468857508,-7.677159012920024,0.7198988286339869,3.429328433384547,-4.498474928657696,1.5512522546695304,0.22123260986579796,3
7.9616269040322685,1.2372350690544291,-2.9670767472511095,-0.1641346777740345,6.156709705319479,-6.653086088801556,5.703411755044744,6.158250858605027,-6.391351156624447,5.204087090800196,0.6316539613331046,5.507179981605614,-8.28732886470476,1.37963000656834,5.983996889821256,-6.727321497568002,3.7504826985305257,6.030803366728085,-4.098045195174281,8.141628711953578,6
-7.1840004187891715,-6.842091013402229,0.916639981467393,-9.149269884830517,-10.208450586064323,-9.73454481470501,-5.009884018214478,-2.0237223552812567,-10.137687495330992,6.120527861518103,-5.463181518138814,4.965056326028303,1.1059343976858433,-7.545630510891904,10.362224881294297,4.014750920290081,-8.745004358099106,7.861386679157148,8.567189974640286,-7.255835796141412,5
-5.249872254458915,11.28379118845833,2.4174057460381726,-3.7637434095126894,-8.492240712265678,-9.670052594826304,-2.832224960284478,-4.9393366254336515,5.488544594145471,-0.390552018487542,9.353817307964913,-8.030016362459598,-4.367947066023443,-9.239367570643859,-2.3938616409143876,2.3995842722859417,-0.793305333172881,2.9703275736272454,8.820498346115858,2.2992213980962086,4
-6.169184948490162,-6.239670050153215,-1.2899445905694094,-8.578126532980026,-9.295593897809058,-9.974553478644776,-3.448154480407105,-4.185612895851817,-10.080313580683992,7.1236446093034616,-4.138340233199916,4.745845616598063,2.0558434461698276,-8.469500528859658,7.428296949548093,4.819498133085293,-7.150956964537377,7.649565180409544,8.59685688990081,-7.350018476074535,5
-3.7091382845490912,8.615738058633005,6.336040546460317,3.4222218629905905,5.712713077561871,-7.21646389900936,0.6455350250567423,-9.395441874674418,1.1776551802352089,7.187045338562777,-5.527370408416746,-7.259128003507383,-5.307299828635427,5.1942518001688835,-1.4945973246107092,8.942438249590053,9.250384907852569,-3.228521696905057,-0.08311353423923484,-3.697600949892515,0
6.278776860570471,1.4971308617954533,-2.819323818283146,-0.2828689034942173,5.926661149321479,-8.292364755060929,9.142850108238942,6.227170246143854,-6.324527370107492,2.703426798951881,0.7181092224428748,7.464470181892263,-9.07178361369803,1.5984028912320278,4.2878804042698135,-6.218437579670665,5.8931617193043575,5.614043970294561,-5.588054987699389,8.803644111955208,6
-2.392008777366154,8.652387515877265,5.416184452552184,5.198580827837216,7.871606915448815,-6.224842556259421,1.6120401552724688,-7.99257293208993,4.13037318563658,6.010496828504326,-3.8875618467491218,-10.299382531040065,-5.519251400049428,3.888183800757961,1.2992905804337032,8.034149617788609,9.024494419661353,-3.673009446479851,-0.5816717673985348,-3.2999748740779786,0
-3.976835868578073,10.441698268421435,5.638369684909312,-2.1482279162435542,-7.272517295510235,-10.162335808704494,-3.698406145280447,-5.805368971660023,7.189931221061042,1.0192602496378866,9.565506913240613,-10.666619208896092,-6.232841414912313,-10.341016737378844,-0.2421763767797599,1.1969698355320773,1.294504319871082,0.4298380282348706,11.091576602589932,3.1660916583025758,4
-0.6790592602277928,2.2879724230088523,-8.310564788280653,3.514253248350609,9.09754292759705,-8.373413566666096,-5.950939592060898,0.5970135815491847,3.7056747321230143,2.2621811321128646,-0.43139606061096036,-9.45457918567917,-10.414584738172795,4.9687245962749085,5.491821421980463,-4.59070284059913,-2.305563537855206,11.331058991387392,5.063157991841237,-8.914359496747128,7
-1.7219203464143356,4.008140187130512,0.3554208710276404,-1.236469777605345,2.460141397030359,-7.000941497794432,3.1558639381963607,4.847494207513732,-5.133717857274537,-5.997510967507151,7.889029407921,-0.3086391599623719,-6.700653487140245,8.659747379220862,-1.1942971883151148,-1.5699944929207676,3.8522270592708594,11.598227842098034,2.0635164548429907,0.4185337232994333,1
-1.9496492783286878,5.424239881303483,0.3437808567844084,-2.9359516043698837,2.2229764439032063,-8.739913432144002,5.429229320027424,7.193526073380612,-5.435090832003153,-6.488786530042076,8.278462048130445,-1.8663542603702892,-6.900000528820407,11.18679617562348,0.741762697572067,-3.6020452299540473,3.4082382097081427,9.219893132669087,-0.5116941609043022,1.2280206116856476,1
-3.828483954482029,3.41593846808228,-0.17420745392338977,-0.3397585308686002,2.4703431401970293,-8.362408203410604,5.481437488555417,7.77199150286545,-5.5635233100475725,-7.628260764590781,6.3185505386962095,1.175345436029621,-4.332370701035963,9.66767070859134,0.023663579614965125,-2.407688305438968,4.044932086647918,7.291658298772204,1.109557208022696,0.3447168912399069,1
6.726304623248838,3.1307534105120047,2.116319753470964,3.4014636061491106,6.836604470541574,-5.265718824666447,-7.79704907654393,-1.6864559831106192,7.364099512521409,-7.275399224320384,0.45486066593420693,-4.131136851410786,3.133647562852328,-0.758212212347178,3.6095564626959145,1.5297848904346256,1.2556438548198368,-7.733915344743598,9.362737150085401,-1.2115883406305703,2
8.831259281812148,-3.2094304333432926,-6.010872439230864,-6.901272406735723,-0.9768071891334248,7.43754156357878,8.777133144800818,-5.139576385414693,1.3979742034304916,-0.1131048944065925,-2.242026826995185,-3.6466202161875394,-5.602934364149739,8.976219132918729,-5.507329282982687,3.9225270585274283,2.8407452835896865,-7.405168047732248,-0.23073646748157817,-2.7537477026384196,3
1.2919944746145002,1.9819832517403828,-6.853176195589601,2.1884460246498123,8.474111606470506,-6.901308251538766,-6.512383558588122,1.7702356104301435,4.601766859807582,1.511983966900324,0.391773925743791,-9.21451836349628,-9.128386827970782,4.4670354487789385,7.125653782760139,-3.72794575102614,-0.5384156940933296,9.446574885438155,2.9384257708014605,-8.224534482111784,7
6.430671216760899,4.495168165093629,4.529876897031003,3.7223187092158776,8.873159470597036,-4.592670637094624,-7.235233186710149,-0.25846175640737945,10.012176510570985,-6.142947716329635,3.256417291641282,-3.587637215430627,3.8927506404200516,-2.960136603727644,5.406231145721138,2.3195780132386052,2.226515863107397,-7.085729485401304,8.398528729797247,0.6169346332496416,2
9.292900713720286,-3.986682576218152,-6.671290644526419,-6.176959098066429,-0.2325344694761706,9.511276600758869,6.399255479962334,-2.8237183774014945,1.669455839601813,-0.650234443666977,-2.736779678299454,-5.033187818558374,-6.031931918746007,9.028091028688818,-8.00639090881746,2.995936773716406,3.865741789603921,-6.874014496001231,-1.8210714242492494,0.9911702160088107,3
-5.943224965218351,-5.710150167170264,0.9319179106958414,-10.561436735694366,-9.308725715500298,-8.982653145625656,-3.4127209636830202,-5.3392129158619355,-10.807440399681532,3.8805911068288568,-3.9619650206562333,6.435566587459624,1.8152420643409612,-7.935754202702563,8.955675496344313,5.010067420324897,-9.557561326577778,6.224628753163949,9.069485955704364,-9.072019773474553,5
6.324772907665841,-3.8511962288627886,-7.090127766319431,-7.06748825196674,-0.34792273655859063,9.253004829683839,7.222466746189613,-4.884775808172859,0.14073893855819017,0.7009857551198244,-1.3962883046379198,-7.476137910249937,-6.769361957957536,9.198582720192707,-7.842096027903719,3.0526040187593964,4.421572992216695,-6.358160682403044,-0.695239426276299,-3.4262555460476563,3
7.059192627074343,1.1081762107992075,-2.00049540379408,-0.795892898914883,5.3043714945749025,-7.812000921923077,7.930995400797896,7.010960607041407,-4.648298320963528,4.689298062975777,1.721448573149521,7.157883379031528,-8.43314982290351,-1.094271804584538,6.2895578972786454,-6.275051567298134,2.72790324081874,4.3239352665720645,-4.533330212701028,8.781052309451322,6
-5.867516570790282,-6.106550765571492,-1.0445368578638734,-8.187232527605474,-9.761889620749901,-11.359176913930124,-2.8204925547732382,-4.653588050084877,-9.321498608585394,7.393400635814255,-3.3686959467881934,5.649047186881357,2.942090218976242,-7.851207196730131,9.97057412958177,6.4143109673516925,-7.511024060186201,8.384957560293687,7.828855145175216,-6.401362429049019,5
-5.957598463203641,-6.158114578207453,-0.21303122375811373,-7.601296610651854,-9.879088740719311,-9.805268041511264,-2.824656461840548,-2.214289556849491,-12.86628466649192,3.957599915399082,-6.63731289483892,5.215792509583515,2.364384857435905,-8.993541775107422,8.492884821698206,4.568056097165508,-6.677229261518791,8.443673387199992,9.79198768535051,-8.547141602002869,5
8.731036900240495,1.174563570907695,-1.756674246737971,-0.7408426042813059,6.648721305933398,-8.221137354573713,9.552107293135052,6.572348826071756,-6.785818502309704,6.089106916395789,0.13262028340023496,6.493721712341162,-9.544992778566845,0.30728954855840174,6.909196083176866,-7.039115261909641,3.3917806874064875,5.244429800273984,-5.136182234265012,7.925509266220124,6
-1.4991712462512916,5.1523747736775745,1.2784786828968733,0.38300257807505544,3.094694727029886,-6.996544631147414,4.434323840190187,7.403951557070725,-6.8877015171236655,-5.704374171879415,6.877735900167711,-1.0366483783164868,-6.236885709893452,10.238734638927811,-0.6820173567250339,-3.466768151330036,2.6752741818805306,7.909717152853585,1.8838030241814352,-1.225014107375844,1
1.1683235813596755,3.7816969990887817,-5.1486779334096395,1.8139234366056591,8.25494511909342,-6.458814800655486,-7.5117256668561225,2.5883506932301716,4.5051332099112695,2.7653782785482846,2.4103014460231615,-9.777708813575101,-7.825701005876382,5.970133544166407,6.210697236242457,-3.7558755582257923,-0.7694648657264831,8.897664609631756,4.3168946993896045,-9.108914648559786,7
0.5170664589981626,3.55380966494691,-6.27862803322096,2.678494033525258,9.182399493764876,-8.363346825355011,-8.406953503951318,1.4849957008073558,3.424142962423624,2.336114040299604,0.08064968185972332,-10.434575768509625,-8.087295519675118,5.817936005839899,5.004493720884378,-3.8966876808559814,-0.2895808542219457,6.609069204263157,5.644632714292589,-8.92576205043596,7
-6.212178191776052,10.360123503138016,2.0427309359047707,-2.9913875242078194,-8.55708583264832,-8.904175478898242,-3.2981272151423804,-5.106739495861256,5.924367164234282,1.6029679333661608,10.51701136004438,-10.557363208401386,-5.794622961329525,-7.890298086964777,0.04167189630278445,0.625292305787662,0.5006778117336175,1.3487791923938937,8.807444427490427,2.5560028190643447,4
7.0281296499070525,3.5869311216077593,0.3886681346922072,1.9951907447921524,6.249613499031547,-4.728984809940173,-6.942431801518782,-4.4276024801699165,9.54172924872298,-7.200362547405374,2.5420797399366717,-5.2200928392092845,2.186745252309712,-2.1174788360267716,1.1347696839093833,0.7093309013532316,0.42637741581994554,-6.454994247377776,8.279162878457138,0.541213418704359,2
-3.189674074016673,5.2311582972157815,2.7057566438980905,-1.833276895040929,2.199569928326667,-8.046967367651602,4.008241005009887,6.996448665095646,-7.481618996978256,-6.93811743498387,6.858851119973192,-0.8199781249023923,-6.084829935685075,8.74656038156401,-0.932715963225865,-2.6846004345684555,1.635910291887262,9.140946413840952,0.5957677751305533,0.0027626364837375905,1
6.857370467751748,1.5201302736368971,-1.6558819495803168,-0.9204973844178547,6.354443055625111,-10.200912968781536,7.69568437258115,4.171370842837643,-4.887166029926663,3.3625998171782596,0.5221684321762662,5.45380777870606,-8.366080461680312,1.4181948808328386,4.264599153953747,-8.480290073808169,2.136346733019553,5.274458222657586,-4.6630940916722725,7.755533860311883,6
8.61866723163992,1.470632804588674,-1.9924584519871689,-0.7882361921637334,6.6335960547661275,-8.523594172097667,7.704125050611735,2.9323555380523687,-3.755774651564687,3.7987744584069687,-0.15524998671147078,6.661485331021909,-9.650522993502731,-1.1063503674452129,8.40985953292467,-7.3777215647279855,2.725937680281403,7.1456534785906065,-1.5455964170746461,9.421138313468212,6
-1.5837001650227176,3.9699727633863575,0.13529503398072784,0.518209421511256,2.025765747299097,-6.796455625556157,6.742420864066826,7.125662944979461,-7.004125114426446,-6.569920202374604,8.697414143379426,-1.9471407320799323,-5.571456433027839,9.473519549043582,-1.7531317781615656,-3.5276057169599833,3.0127063505670018,9.601548197747892,3.1448622267663993,1.0609268063208166,1
-3.341977310958665,8.485441404902282,1.4496291014682101,-4.005071030413225,-8.478848016987982,-8.649107161769841,-2.4650767630187143,-4.824169758663732,5.478132063075551,-1.2036897795853279,11.211535022809654,-9.838172192057788,-5.522444293389149,-7.3808696807579315,-1.1387652716045376,3.200661837302242,-0.2235845503150239,0.7887916912244237,7.613762347950654,3.1009587494361566,4
-2.6168984010300864,9.1215246558737,7.183437440677791,4.637313093666084,6.396424670278299,-7.124296060191056,2.1211965143605465,-10.205551933462507,2.5905036643162953,6.489673320715081,-5.295952262208473,-11.00802730633709,-5.8933839768091785,6.42905987841909,-0.3100396965753337,7.692795108674107,8.39254433738704,-3.570289953361152,-0.6255954279173299,-2.1637188448891918,0
0.0380732184076637,2.609035015102322,-8.325623647575782,2.231293098613849,9.483121801864865,-8.002206428213851,-7.016686109610608,2.8714908011873774,2.7532726292773106,2.605616892105781,2.0053601670351955,-8.177870795508195,-7.667821665323185,4.728827912501962,4.995966539860905,-4.495468130617801,-2.399207600541075,8.632423019580093,5.989409387854094,-7.249289843973734,7
10.209369017126363,-1.972813672883155,-6.892769020135963,-6.736842233594102,-0.30585780046499644,8.056004643766473,5.919969987568041,-3.264552529775454,0.15415470242281137,-1.4134064243611384,-2.5655419754281628,-3.7027303434071515,-5.454019403263974,9.003902953126119,-7.043345266385102,0.2126596704441095,4.501720821432548,-6.77017226079007,1.5537795276059863,-1.552662426213979,3
-5.486374603442709,8.581040746698962,6.66712464342783,4.925070978889864,7.357450695882824,-7.830630757675979,0.3834737885895254,-10.533170614282394,1.9721711273807703,7.5807192660727996,-4.856108123488249,-8.560980867988727,-6.590925629770226,3.631436175313784,-0.06379598061069913,6.167291383271132,10.746278270128657,-3.3735032901367736,-0.5410368820130608,-2.9336073192139063,0
-4.1535931135684105,7.757238828806274,7.006956807684997,5.3274832381502275,5.227414376853341,-8.705220990032712,2.275111493478745,-9.429954746639618,2.0422668198596208,6.170420660031715,-4.366836419126793,-8.146473389931192,-5.7126551301760164,6.297562862509999,0.32630333836140546,8.520596213421081,8.373006425924242,-3.4363945960085065,-2.2672862469125725,-3.460552857795211,0
-1.5040910659170421,3.511943435083562,-6.261876446711868,2.8643178257808053,7.773816766912825,-7.799898805845852,-5.692862671997684,1.6989255262886584,6.27251166516538,1.800865126057635,-2.4563075563072774,-8.799073109209308,-8.65153455578063,6.135637997436284,4.0447040026342815,-3.439497809784609,-2.7397260124353977,7.865642668238559,4.849362635916745,-7.90528891986183,7
0.28315636816236855,1.5159825335372583,-7.634206502137507,2.837659933295444,9.14637409111529,-10.14442484537176,-7.028742833586044,0.6476832457968923,5.5649092274732395,2.6978359305475754,0.05414798627595055,-8.049344670899886,-9.042948598963136,6.928874457838438,5.734533005769671,-4.30375745646728,-0.5632917271560468,8.831538775330413,4.3981636583225585,-6.868368732613122,7
-1.2092732925096457,3.5009774541498553,1.538315787089826,-0.6886088869958366,3.7633367995237497,-6.95553678358573,5.673946993786803,5.443186435080031,-6.548981236813123,-7.099593377386204,8.362716043937779,-0.4944181538516506,-5.69899140849191,10.297282917673744,0.9959773295764316,-1.8102430469165482,4.303973804477518,9.289390754408679,1.7466123202071202,-0.27918777345991436,1
-4.31493874671174,9.076463731364582,1.5875085506603168,-2.317427164999126,-7.51816047991301,-6.492972420862834,-2.809535229422005,-6.03662895523557,6.406600332474971,-0.7781928792307866,8.884359329503333,-10.739283821708984,-6.4565678452099355,-9.011199606367835,-0.3591052796393809,1.4173798519411758,0.3326543821804582,3.563519858800604,10.219901368838794,3.1996084634759314,4
-1.9551621634471492,5.330623582858594,-0.3298157425677737,-1.5327877195669237,1.7545629566981518,-6.3442089477138985,4.7496442067440015,9.04245564154564,-6.763495758113303,-6.000264636716279,6.0263560635735836,-0.6712636043725777,-4.61828658218728,9.993189035204722,0.3787164055369352,-4.727280221257352,2.357527313482562,9.20072793207499,2.1207025048403527,0.7791446086503024,1
-0.7582321618265608,3.2901134595487678,-6.289233092948598,0.48688452810057825,9.925072002628522,-7.199976771450425,-6.531432632456337,0.5973469467389462,4.232570683477649,1.4771455055012255,-0.2839267097733414,-8.570074437972506,-9.581088089646686,4.521805682275266,5.7126418121520075,-5.664829085515326,-0.14744759433247637,8.866245990016207,4.306538532384411,-7.6523265744360005,7
5.733105275521204,3.716267324572506,2.7809428983848177,2.8783539342171784,8.999323404395541,-5.337706803295934,-5.416468169078135,-2.3905431698698396,10.185773710585455,-7.985445858119096,4.57962650009169,-2.6779391615656474,4.831434696627145,-2.749737576961001,2.9062689838784133,0.23037970633400184,1.092611348557457,-7.685766792769022,9.761207869216824,0.35649516329585373,2
-4.426567781630878,9.664382133460906,2.7251622858245472,-4.148301542145397,-7.137084131442725,-6.305228659147275,-4.648232067481567,-6.36488359317018,3.117553823348599,0.5759315183710523,8.381768200058756,-9.211682035896526,-4.710130777965002,-7.62189270335308,-0.5118424272729973,1.5708585054509585,0.5446881310863696,1.4653308058399297,10.031441889543824,1.4837149830044465,4
9.683471149662653,1.4163089683074244,-4.307278295368767,-1.1008510092799613,4.982910440334863,-7.5132967040297025,6.832647037957022,6.751415221358152,-5.045905606389262,4.656347597049072,-1.4129306907784607,7.913718976023087,-9.878925619812186,1.0622540372848548,6.260009342949299,-7.599011036133893,2.0636887115677167,6.313308612605284,-3.101868742278562,9.339966171560038,6
10.125673518933565,-4.613560098823907,-5.540372529508478,-8.63430478438264,-0.483226637877596,10.535549201452977,7.258177168998266,-4.913676814463257,-1.0431638501519755,-2.1284663148767686,-1.324357603570368,-5.254013092090554,-6.240499862906272,7.564895771726665,-6.843831557195763,2.021457053360424,3.533080009265662,-6.515563323166665,0.46577878525291605,-0.597174942595823,3
7.144664016389858,0.4289746717976418,-4.113150602037733,-0.4171961396404672,4.869475522973986,-6.957719639172661,6.66342148939737,5.89828002309656,-4.573127207246252,4.150292207724419,-0.026936878730662972,5.372126558956698,-9.314716685245017,1.5968357016924113,5.463829204648546,-8.232183689188268,5.024115053859923,3.67235138957476,-5.081669382041388,6.935314539470772,6
8.390150310162326,0.5827730983544209,-2.424439344562512,-0.2922778948404505,6.651052197300715,-6.57330878950883,6.331817475968084,3.2400377382219654,-6.977373102456937,4.373346300573595,0.3315338095716974,5.3836576618759135,-10.014779375876985,1.718152007686835,5.233784889562993,-7.044070790803039,2.6493806853307715,5.980623812575961,-5.186921359986013,8.596421368620444,6
-5.439410723737171,10.96994447237741,3.4094721078791865,-3.8494066997127847,-5.721359715649652,-7.364060842301747,-3.209769702881545,-5.527133289352826,7.8337230472052255,-1.0244183362510773,8.164596731570773,-9.750297095259956,-5.206147784147525,-7.374228827289718,-1.0597519408136502,2.0629431802810405,1.1602520834043928,1.7159365727651998,10.405796909235239,3.440755234592365,4
-1.0539105551338799,4.051375667091066,-1.0302964497187426,-2.21299882875281,3.3919835005105563,-7.793883176099701,2.84090804823305,9.006443276586579,-5.336094569653196,-5.83152209469214,7.0175659589111445,1.7412149239288657,-7.8542077686175285,9.130483364466674,-1.4513014840261735,-2.2419885371774497,1.3799675772258124,10.227487074674224,2.218086251358366,-0.8702509580296166,1
8.064797543036367,0.21736351191184444,-4.666902472085437,0.48339823897574474,5.074163278473611,-7.573545465828483,8.039669689358451,5.274768215134924,-7.999050498118049,3.745531878662038,-0.6012571646284386,6.279581480386961,-7.430623985671764,0.8862929597063645,6.389894234760235,-6.922858478608926,4.0030128508577825,6.395072498129589,-4.456693850699639,6.712172037402704,6
1.7834323501434621,1.4948127656815078,-7.424066208125897,3.085445848998782,9.690465824576098,-7.922207137312235,-6.416427489335375,1.6791615330994696,2.705916380222072,1.963053937278162,0.033756708988993384,-10.30842306974679,-10.604704938731732,4.882245952452665,5.583749473699269,-3.877236892134049,-1.1173462476607097,8.48340921303185,3.984665374172255,-8.813226349077167,7
7.04343976522775,1.950187471790716,-4.913509172835472,-0.3745860980473923,4.13101046106217,-6.970298329632351,8.30101454492826,4.945237370919697,-7.709895464685684,4.2145317929801935,-1.5179700151587483,6.847896796617648,-9.154652889330865,1.3765244504561562,7.837607065406745,-7.1666868959808685,3.810599567498577,3.740300057381069,-5.402966690733214,7.510985038970393,6
-6.7137054539845895,-6.230711116602089,0.9923212732820829,-7.638689124124767,-7.552964422348489,-9.704542137915531,-2.8040700140185777,-3.5293886961739536,-10.842131390145477,5.051419824929887,-5.93530274939724,2.806841441281972,2.372619236195279,-7.638603213389139,10.220652966985519,5.822787197457285,-8.103163158884394,7.707599915737518,8.976606031806803,-7.1969378613955435,5
6.565993120780089,0.17116571309641482,-3.0348734615599335,-0.6704834202398936,5.643150479007482,-8.434598487470412,7.945865979513349,5.872756811530324,-5.316682195638646,4.527354767637895,-0.10657394225129552,5.234440065158286,-8.318287068847361,-0.7042884320801224,5.327038956241237,-8.190659906351845,3.0908697126045372,3.1618131927546114,-4.648849490199662,8.673713745890915,6
-5.951040297504674,-5.955214753799912,0.4202283435561786,-8.075538180996723,-9.002295406896714,-10.868478309800476,-3.996606494932961,-4.483360471793415,-10.403435908193785,5.602019122484241,-8.360343855976398,3.6132434750743445,1.1432016954952924,-6.8911445427968765,8.19053365025372,4.066952598304533,-9.423642541338017,6.632828222343621,7.386837118094687,-9.625573882631993,5
-3.830312017973785,6.459130348054155,8.856570894954515,7.408134462732232,6.681672778695715,-7.404552496671168,1.1687324545626874,-8.211175231789444,2.3103250731443254,5.559054975485064,-3.7162562892490247,-7.913130566764388,-7.098990326965831,5.4887135592674925,-2.11980978363074,5.650281267407345,9.121521041666286,-5.940753759719808,-2.0149316126852175,-3.595536293906125,0
-8.037265011970735,-7.3553930025967045,0.40084965916038884,-8.982633898373228,-7.363723790447839,-9.59620921772964,-3.6325503934836396,-5.170223619835215,-8.798312874340352,6.350772240873368,-4.26721270932952,5.0207811298036855,-0.06314500473054352,-7.103050845943654,7.493953200215882,4.652104801594922,-7.005181446087199,6.9849987295384794,8.03398454443249,-7.456744828887781,5
-0.2522537637461792,3.2531022964214134,-6.841692695543026,4.0237156476623825,7.909148088326283,-8.278945036707205,-5.669835295274007,1.8575154934707636,3.554872929688478,0.3047723182015729,1.430245722443294,-10.184968991287258,-10.175850745985734,5.32506607204763,6.020056071588114,-3.784414490503591,1.158421132009153,10.406998130193085,4.044597357334503,-6.570467908196399,7
4.622112249970054,4.1442297175406155,2.7035102243019424,4.123068573468682,8.057458847477683,-3.1246413935875506,-8.301756371748787,-0.898146423653925,8.908253723086382,-7.826714989494117,3.2286014511762384,-3.1726290404725868,2.8106214512447227,-0.9169761871348951,5.460445710450223,2.8622334720059177,1.351017313254645,-7.84678789683523,7.548897194270827,-0.447465777485936,2
0.43419689579596,1.0818901392129574,-6.644379745392167,2.249473040227206,8.45475264625739,-8.347195031813339,-5.193964947576247,2.7597612832112413,5.6721523326857115,2.040140052787019,0.7131224897871766,-9.357175978037615,-7.974102282006495,7.756463310419107,7.96591258231199,-2.6620673499659073,0.7430753909124526,9.732792796909795,3.099960400690212,-7.594664787884158,7
-2.079646676756669,8.647101807487788,8.049522742318384,3.6654698642095793,5.737698300109077,-6.38495227989431,1.8993943607737118,-9.243799758847212,1.4803463168560187,4.067384075439799,-2.3403959739461353,-9.423050689151102,-7.4596045689629955,6.66836607058479,-1.7300925882312659,6.157866600308597,8.551122827314144,-2.9313403277429266,-0.6916674280464971,-2.9421500985488778,0
-1.4662576776339655,4.7378367995026025,0.03144148145611614,-2.3455991849941387,3.9191180172060935,-5.994672820581119,4.610366828208141,7.522294145264817,-6.859806616201356,-5.501662420430548,6.036974814962825,-2.313849389796616,-7.073087408714035,9.693999760481463,0.08506587868458948,-1.8596729234424978,3.7087750540533064,7.993870974487184,-0.009351057977299737,-1.7525814684793215,1
-3.363931544366754,6.056873369988492,1.72093879562325,-0.6233910589483302,2.9470809973385244,-7.177103776074882,4.384095358555489,5.074872071204603,-7.774671268720946,-5.715298573547497,6.8529576480359,-0.8976302762491084,-6.36665864215851,10.640274095047399,-0.677553550424187,-1.8333457556762922,3.370843883851,8.522918159997289,1.7800369061476458,-0.7058457378778634,1
-7.459486889928556,-6.632183239150743,0.7614450076747085,-8.971044348718179,-8.855670538096037,-11.15555875044593,-5.2721468117756745,-3.6348332678911675,-8.890777989158352,3.6965882851305976,-4.573852434595318,5.688273334860019,0.7475514449321028,-8.968166462677354,8.532767605064171,5.902352415354968,-8.907141092052884,8.902647732582503,9.389127621423984,-7.21479990860548,5
-6.1943724102546085,-7.345296894260029,0.10404515196551736,-8.939777161600299,-8.515828956477991,-10.464537077841346,-1.7589545257935706,-3.679350634096999,-9.560024749866445,4.0963246331954934,-5.242663067663281,5.629451142717925,2.4668244457518704,-9.749833901892035,7.407423526550743,6.009471693050878,-8.978992970715277,6.998483038180656,9.06555851298824,-8.3610963250582,5
-3.989413933851151,7.612394147363721,3.5509762676843217,-0.2382278503934585,-9.45192947777184,-8.943710876121687,-3.044728267197396,-6.268401272270248,6.100566401756719,-2.160713256360709,11.617794581722626,-8.576275311749836,-7.6961604194013,-7.363277228684797,-0.9606197545277727,1.144688168499094,0.14148947855818383,3.168344893326688,10.953691996216214,2.3594317118325314,4
-2.9337973433682,9.012458863420708,7.391044925446877,5.846572319989153,6.668552324384591,-7.9224488596184495,2.5468616732382436,-7.647519510955776,2.8449449159393385,6.329740346156064,-4.214345336498629,-7.309516779505607,-6.601850884612234,5.965594560634414,1.6624255556585998,8.251353296152692,8.190007318112853,-3.303421652227835,-0.3233285458763653,-2.5768538910497254,0
7.447259101032212,-3.347927786266016,-5.613441573013269,-7.468937104798958,-2.209599896893714,9.72659761877188,7.7411598998627245,-4.976153308028459,0.7905573701906388,0.3575192593290134,-3.8797869477594014,-3.6929019067007083,-4.418175743114896,10.556294224191646,-5.732511522632796,2.700958789618023,3.5031052743050686,-6.183615343362861,-0.27384340010984004,-0.9781129623131329,3
8.318224703518727,-4.46964835892765,-7.530663142302937,-8.485696778704314,0.13355823892546093,8.275446624056414,6.98797667603389,-5.235062978585161,2.2138109455090644,0.6679360707507864,-0.4686782283512665,-4.419592835983004,-7.466259080375279,7.807007822691634,-7.298406986496831,1.5247806638795394,3.4161808993502865,-5.112775648068567,-0.12491288184282834,-1.7360037560553334,3
6.206621251850997,1.9092264709202116,-4.580431974770205,-0.7319555709209338,3.5369987346100107,-7.167561839087194,7.731527443114534,3.983950285338344,-4.212448623212693,5.212989057082942,-0.31680255091438864,6.48039195570922,-9.142372537245459,2.2308375452582583,6.072210937779365,-8.417617367951758,3.107953658172414,6.344413264674393,-4.276831175538292,7.131968942347068,6
-1.4610296383085941,3.6739878774060246,-6.0960404001047435,2.299541101002993,8.423924112599785,-6.1734745046050294,-7.524438763313677,2.7076293872752313,3.178037202233414,2.838715761647268,-0.44174390459344215,-10.722353166133594,-8.33132973630322,7.6450905116332315,6.505622516898753,-3.7329067280629613,-0.23234355806149604,8.611439272931337,5.351207826581197,-8.215091821482078,7
6.953567844239514,1.7216783152545987,-4.237090442090783,-2.9796482054978646,5.14924575411297,-8.051134114386958,8.754626931538116,5.9321614739737605,-5.622307590732269,2.757138514618843,0.4070093564419284,6.141770319672894,-8.490288403735338,0.9310385283740722,7.119838473549125,-7.147328520718169,4.182432444729428,4.540107951936091,-4.003419271263342,7.967274771694761,6
11.153331937131641,-2.7783367864151574,-7.069068859941633,-6.62611465326636,-2.0725282808231738,7.652718754667593,6.400627342626367,-4.1567289453468526,-0.3460075994258976,0.2737789465263879,-2.0373023820737917,-5.852105977635159,-5.548513831597361,8.981770439754198,-6.0819662065287545,1.1971389397176728,3.06246807615908,-5.224373550236989,1.2222261489604316,-0.3440932956075492,3
-2.831026762933589,7.934412372208717,7.787279232889539,4.807827588982565,5.598815837050479,-7.567949132871477,1.188852903323268,-9.67383724140936,3.207552851368266,6.2069761848248435,-3.17341465194407,-8.514011826182678,-7.589458644322655,5.440674256100877,0.23531153254056625,7.4601854942041275,9.413863448817533,-4.355487807412686,1.2086626121903692,-4.894069397739103,0
-3.672816184102217,9.12065183826611,6.813893080529901,6.12636205828367,6.61901621396397,-8.301465135501669,0.6588021532787676,-10.455025268214792,3.5477001073951007,6.434380973230035,-2.4429811391508025,-8.420436522378104,-5.876235361024251,3.295437556507653,-1.2306307350305965,5.786506990793229,8.296777371574462,-4.691338461341179,1.8028148978032665,-3.5162422857648004,0
-7.1146102060229985,-8.692202038967295,1.126528758939804,-6.748682838106818,-10.627797648119111,-8.557123492262246,-3.1673300906101853,-3.3382669951953488,-10.265904795844772,4.870069363233112,-5.815111115201556,5.4486806453988335,2.212444980506087,-8.038379078664198,10.204094717249546,5.84270961338599,-7.360742960763623,8.503325671516864,9.88585512729748,-9.387210700021084,5
-6.658283777643064,-5.715371918568916,-0.14832430862792015,-9.178945529007802,-9.023321766968873,-9.2614290481755,-2.521460585778181,-4.849325018371841,-9.795098605590209,6.064262373873,-5.4492254048326965,3.0373065257303815,2.2764222063181205,-7.3430854957350995,8.892872131401548,4.571551957117741,-7.702257745107453,10.847514751499865,7.516849869392921,-6.7196522133043874,5
10.650508933141008,-2.4447096990062462,-5.563494309693407,-9.276262820891768,-1.8337214893132734,9.084832048161857,6.435952102882676,-4.755446733946972,1.2790136670247232,-0.8356702949235557,-3.731165883290421,-5.391997081132278,-6.774292623058108,8.769920729950435,-6.640355871899797,1.0455265750335778,4.296574611661406,-4.228315096279612,-1.2325919199583126,-1.2770393303391376,3
1.2829089466956218,2.7445006064152637,-6.917928583307791,3.817626860840658,10.152163134797684,-9.131423497546367,-6.972193317145634,0.8703900940344866,3.3865718932500974,3.7732079028893155,-0.6744040860540943,-9.365730408974608,-9.060702338812819,5.697832019249392,8.748618121345823,-4.378532177571051,-0.4782184770933754,9.122064989144391,3.540980031186377,-7.326631605800562,7
1.1649495475122709,1.9511776321943184,-6.187949088112718,4.427111330043675,8.237423063118866,-7.655169192694194,-6.91165876579507,1.4076351962651132,3.036707033116014,2.250644844456258,1.0304947531113697,-9.280586275643893,-10.319759841878321,5.454411866241116,5.662803889934008,-2.255138920787908,-1.0804049867066716,10.311606662786444,3.4342054633364745,-7.467457020208876,7
-4.216196272036689,12.517529246782974,1.6247848274468653,-1.7369854435556187,-8.331006773566804,-9.692772294645598,-2.95125778697079,-6.534667985966765,4.333524955923142,-1.1133513344537138,9.302484728614502,-10.576287891487041,-6.110127591279371,-9.305557520271515,-0.04051227183870609,0.9216931192845036,1.9635978551603062,0.43543607972741427,8.35745698643958,3.066255384539718,4
9.544645528028273,1.4012497927709087,-4.002972268528955,-0.7970256661552994,4.623731115822986,-7.216476374790234,7.008005311432078,5.817931256457433,-4.900365855081788,5.634215274532519,-0.6242602651044491,6.699099708284015,-7.415238920428684,1.9627530954373489,6.766902186661384,-8.039128444631194,3.4048108324772413,5.442267382875295,-4.921102966302049,6.185021742984934,6
0.36811183843777867,1.2323465881766218,-5.983484297592193,3.6640419529415604,8.022005568703754,-5.961290632534338,-8.180372236456037,1.3572120374014582,3.287076400395173,2.677092069998414,1.5976801169315367,-8.025464423886751,-8.998800259057097,7.352926392541888,6.292439182331785,-4.250108903866507,-1.2664431295294727,9.485107668717426,3.851019176906891,-8.107796717078648,7
7.053883676982716,1.8718913808327993,-3.725974831696154,0.6400657826274829,5.059427603610269,-7.462722061863636,6.337576254109277,5.168071247980844,-4.604433679001895,4.344187959190633,0.37154536873271227,6.763376491099929,-9.431166853733536,2.397826421431687,6.5722493979297845,-6.5658082257423604,4.8267664621100455,5.940549663394803,-2.2839689473289786,8.24281582980058,6
-4.592259981189904,10.693618782596479,2.2794891078279056,-3.045296576535747,-8.180754162194349,-7.233748458049164,-3.428926805969484,-6.751590525544656,6.450241041293226,-2.0205494486756743,11.519514069354758,-9.37334404840884,-6.220388582535209,-6.829794582767118,0.6232333751926526,2.529449503420406,-0.235559832689608,0.7466122578358947,8.800125070076856,3.2695219936269844,4
8.504040599298037,-3.7517565549243566,-7.823680088152808,-6.7297265919981015,-0.7626051542893613,8.954854925036088,7.048701289872771,-5.820122520841448,0.23759838491113577,-0.22987757803743217,-2.8057750341050496,-3.970435497964547,-6.86604119756767,9.546813382774047,-6.006074442398619,1.5462023664042643,3.424718459066332,-7.428330494996466,0.7976564420867727,-2.2250165949011325,3
4.1373551172872265,4.987570561627521,0.9005425746697953,2.4506166184626106,6.764838626905564,-4.402327564402072,-6.715560006461188,-2.2290250012766943,8.173419075652891,-7.216584669300773,4.359659610161066,-4.181700487462928,2.8704333251720904,-1.5717544511662622,4.728384126560238,1.6664284572829946,0.06635894994074454,-6.317295899834191,7.956776444453646,-0.8651990407987236,2
-3.6949556071344394,7.744335182315217,7.3122011283420445,3.110859743436514,4.407440563371768,-9.98476134802539,1.4148193679202665,-10.156603764283306,2.373454974269262,7.6480520584213565,-4.726027863654513,-8.610847869582116,-5.656709558684906,4.596645213259022,-1.046562075857548,7.564328375974034,9.032979221525936,-4.281272062790277,-0.4574354241252178,-4.171533902336017,0
7.456611607761119,2.0903820330120597,-3.297736903641672,-1.4041332287185613,5.388350023752037,-6.984206498376674,8.365578725291435,5.3455104620382485,-7.700551916218085,3.887793395263338,1.865112092133905,6.568932110685391,-10.525440916964355,1.1630137236735292,5.7634893145457,-5.563877984298722,2.6512160305033996,4.542003486889641,-3.3816825952685914,8.899049643794168,6
-5.080970226866044,7.49956114737115,7.439269341300547,5.10862130543304,7.433872693022176,-7.31681631804342,2.0676180791370977,-10.074291029667634,2.168717240718062,5.813407137920561,-4.892746441252135,-10.269847334146034,-7.309167651917163,5.033061961008591,-1.2598381473779479,7.299879359762957,8.96565307043523,-3.603757700779471,-0.7429659723449249,-3.539358600426694,0
5.470870078961352,3.545388096745199,0.868576981815806,2.1910579234003795,7.304224376764263,-4.792100515723381,-7.378460647099043,1.048172276981136,8.949827021440255,-7.812852829889341,2.1429229397394502,-4.5472119176453605,4.841720213579561,-3.83472012296366,4.266310957360073,2.6403692731525084,-0.6227850983283378,-6.9526018143894674,9.575298465550603,-0.05048353432675601,2
-7.718657503584981,-4.579897892111457,0.28468694348532214,-8.616768027441175,-11.272795427767793,-9.848512034485292,-6.3554271904696735,-5.513061719892322,-8.524925986386378,6.483964973260487,-4.4382682098536215,4.348544329421221,-1.3187116361934237,-9.056593036736665,9.054413883218588,3.3928486654875485,-6.438455895481172,8.336497344894887,10.7702316395028,-8.586378330783916,5
-0.7641694193271225,5.324596456310569,1.4782495269423928,-1.4306580438246237,2.6858020349158034,-6.59782673954788,5.79006501399267,8.936040464862852,-4.30468979687988,-7.57433044792288,7.715800673008133,-1.528812118083995,-6.338907158590512,11.235994572587282,-0.13802491792865546,-0.8174733085043524,3.4579773190614147,8.660197501186506,1.6224994027577098,-0.736461980768571,1
8.708178986855966,1.8099902242503179,-4.665586240071283,0.814800452414298,4.145955149596211,-8.183897558595008,6.283183723111272,4.055500564191751,-6.940337344497229,5.559997978439579,0.2492866290409442,7.345575379339874,-7.835980344358816,2.0141536391728474,5.419448998708487,-5.872532531699995,4.304957413908358,4.414235368731968,-4.309970165429002,7.738973741485587,6
-5.258665201707281,-6.570672723735193,0.8238447383874776,-7.844559872777853,-9.291665478698604,-8.27318170091028,-3.0275411641528356,-3.743473097016316,-9.17502061332251,4.254042590973485,-4.226971168389787,5.382297531515125,0.8425634699447856,-9.64803396107072,8.822109586450248,5.36748750501309,-7.6528560063246935,6.091642271588319,8.817677151352974,-9.2524199882574,5
4.860115652706315,0.5368725125474407,1.5821810089301362,-0.5194133839556745,8.012756565570752,-4.916777198191422,-7.391729044203499,-2.2644168087895653,8.642364838957729,-7.689503297274818,2.891162081538936,-5.188365551736293,1.5785750706738058,-1.6930954462394738,4.983644101790393,2.235820781908233,1.9628771273468348,-10.288652494853913,6.560273578757237,-0.7159376821226298,2
5.847264757656349,4.250405258316434,0.12798399437091446,1.787962423248147,8.80059428438212,-3.369526913218478,-8.243816074659268,-0.31150844178977777,8.623575359858512,-8.319693266305704,2.190571705541359,-4.15807375798343,2.669719549056243,-3.8504277181858737,5.3547250983015395,1.4161348619884446,1.8987397884075758,-6.892924410784883,7.686409848784755,-0.6358952605006931,2
5.881657077031543,4.33161899459407,4.451807303604287,2.869950811916267,7.18449898925179,-3.493919922363551,-6.848615628412634,-3.2024892165211627,9.411351480310687,-4.987110958711558,3.083112789801013,-3.7962213384736514,3.3548179760998877,-1.9779046915755576,2.988650111215253,2.146370422972823,-0.1329535672072033,-7.942368191537147,6.905288165257289,-0.5614220852919325,2
9.973886471050058,-3.6818424717510316,-8.266220246799723,-7.0502718418462695,-1.898598909371338,8.08095766787677,6.276779773746916,-3.639882787496428,1.6954520806643893,-0.06323070006008569,-3.325337773898486,-4.881254917331481,-4.875387628256799,9.258966934909456,-6.779198901961891,1.021704752843641,4.606927454747774,-8.734814473387278,-0.27761139379718835,-0.4784400106848284,3
7.665542484397311,1.1484138694606258,-1.763810717447749,-0.22472412793652197,4.695513839440955,-7.246566929059098,7.2835253305728465,5.465699686038974,-4.973411851883599,3.3355544054077546,-1.1125718493181762,5.014057845825689,-8.304534923719729,0.824105200135929,5.481693917045549,-6.253990459488093,3.0872936235104533,6.506476308276662,-5.173858443699714,6.751395303026172,6
-5.338930966827445,-5.273827538070485,0.2861500053855288,-8.219289278528889,-8.074776916990103,-9.229551343650144,-3.2529458426645608,-5.808577787673178,-12.211470082391639,4.033794567011546,-5.630097044429163,2.748828072010321,1.9003918167601175,-5.584872304103679,7.811900210170409,4.871062505598706,-7.7902219454333315,10.019003532416853,8.339378929727102,-6.937892123427702,5
9.052477163023298,-4.647978393604677,-7.352125983496146,-7.673401575698522,0.6830130350156882,9.725297527753824,6.644707366337444,-4.092990822057156,1.0541385346197925,-0.6742830433620064,-3.387646128635074,-4.781147099123546,-9.151044907042145,10.214597342827666,-5.934783950151132,2.208752756659714,5.037359233177707,-5.350992796234492,1.4702381145760632,-0.55753337652509,3
-0.8702534154181489,3.7953125986516576,-0.18434654096046454,-0.9771298537661478,4.094382717500072,-6.963487448454222,5.5397930933713475,7.904755437311742,-4.799299753437564,-6.571740890456801,8.236721068085782,-2.896750944960602,-5.4084929604617455,10.057732900729707,-0.5471829022322823,-2.0992164484698748,3.45327575426713,9.423780420370681,2.428599095815467,0.8225902762981301,1
7.896595606464611,-4.278585678618576,-7.147290508622015,-6.568278122248922,0.21122204278997248,7.635776549037998,6.650185791328927,-5.893360739352324,-0.8963219559161051,-0.6620430095256773,-3.9330057691582057,-4.29146496400253,-5.961366412887149,8.070056314863168,-7.811480169948939,3.447604974939308,3.2885980194683357,-6.945574337928369,-1.0594319021810092,-0.3209374212586539,3
-4.114192757080888,10.046964708221594,2.861661477660916,-3.044495437244816,-6.454373874315764,-9.667097506229,-4.7536181105164435,-5.179355581882981,5.345238582187953,-1.3731539550815828,10.848764497198653,-8.718471653752067,-5.96174431616896,-8.216022376022645,-1.7554621263209136,2.452386490172749,-0.13982424580307862,0.1971455865901719,10.864074239540153,1.5734560370820543,4
-7.789239288460228,-4.396613701593671,-0.09487892756624838,-9.72328144249191,-9.725154316745483,-11.014174042102669,-4.225386772233898,-4.861282621004131,-10.27091241458664,5.0840361431106,-6.458645822403373,4.240678065000891,2.177730264351631,-7.430166385161016,9.18123611597736,4.578607208017461,-7.298185802784383,5.6671051845723985,8.707228934148887,-6.678001479849735,5
-1.4923897866399696,4.355766989979431,0.07820436215538651,-0.9057209112696986,2.634280835405391,-7.632726919336745,4.997239881912878,5.972578390873214,-4.47381415856138,-6.954208643109026,7.736780450197022,0.4299580173772155,-3.6011150990971057,7.622548194169323,-0.24725138539424607,-2.985162095791899,4.377087098536018,10.697516729270264,2.9706022622020796,0.9983766863602159,1
3.966847900783335,1.772264147043642,3.0769065163432674,1.466659320599079,7.622985835558763,-4.274966457232675,-5.490089132444078,-3.245981783984398,10.88188014216867,-8.7727193375318,2.8779983635611206,-4.702973147279362,2.4417458653290183,-1.3936301428065327,4.299782030112912,2.2449458167647616,-0.06959157918789782,-7.490123563283196,7.449446861164736,-0.7838297678175246,2
7.470159591540602,2.3941253757591587,-1.6531755925710627,-1.215679364175616,6.288104493225946,-8.122661363784275,7.253151813313895,4.946864197469008,-6.651290585101506,6.139885213797713,-0.18403748956463,4.346323154955159,-9.83061807183021,0.4975425737382134,5.68510467042566,-6.912746384001431,2.468200700137669,5.735097854656933,-3.893293615098022,8.778804634073419,6
-1.1734767365034773,3.086905124731551,-0.5598277674307117,-0.8862793607710563,2.065219238955084,-6.971030238290235,4.894524064854931,4.55210566687137,-6.270525165461528,-9.001026558154615,8.6688064095424,-0.5576784469926053,-6.915329784820512,9.043426973882847,-1.5306220557771908,-1.7906312354421219,4.0497279779225845,9.757060647064119,0.11172232733047682,-1.463708952784143,1
-5.854798851911493,-6.5419461505853445,2.472298546747416,-7.866838377107921,-11.583390884889997,-8.482810410061903,-3.265652936095891,-4.752602868356461,-10.182212387138575,5.758247301150278,-3.269309840478375,4.550740027032714,1.68793845917533,-7.047083747620526,9.403078521998594,3.6206732068500735,-9.671227995604971,7.281879157638281,9.23047241528801,-7.592623066112075,5
-7.731352288659325,-7.076394995399358,0.02436519541165149,-10.21419772322373,-8.44674085274215,-5.072772165651989,-3.1041158786876917,-4.205760329478322,-11.100134518214249,3.7869707328819153,-6.013317151451762,4.9265701041693895,1.5923290348649308,-8.235223145922744,7.7585982559439195,5.146351051259307,-6.717188652626141,8.254460905527363,9.672108429727313,-7.551190674524734,5
-4.13578120783658,9.798914650105726,1.5777334787848016,-2.9808453614574035,-9.230240366515444,-7.297171035591213,-1.5302149917552361,-4.438857365361047,6.252126446479826,-1.2552222901929921,10.273595341341002,-8.242195577961946,-6.654108102200915,-8.387339241980872,-0.4030703385223259,0.07063922527360189,-0.23770742428586056,0.18166654600703613,8.93697117605303,1.5712323057020643,4
-3.8053238779547724,4.513990734782651,-0.11548721139159768,-0.623340990311183,1.6926404748281207,-6.394450763338317,5.000436592404726,5.818468585841239,-6.638645775204084,-6.677392307308884,6.157388053588079,-0.1480865699335674,-6.21504699458319,10.808981979400581,-0.7695500258207447,-0.40944004446929316,3.445009752886199,9.407461478153715,1.7442211463583142,1.3366567391682698,1
9.497203899983976,3.457953227544822,-1.820887801213912,-1.2912859324775143,4.213724932269631,-6.930618651037367,7.591557120428704,5.975715246082555,-7.130560688127966,4.472848478569494,-0.7421342289266432,7.590314939749786,-8.67719478286257,1.8790139169591418,7.162184094968751,-6.789790925246872,5.271433105496254,5.992011237494057,-4.658564036203633,6.775582134678425,6
8.23011499976807,1.6221222455045687,-3.5614065754356186,-1.550191007665069,4.974689671528918,-7.4831314404381715,7.858987814643511,6.446248786433653,-6.686699312258833,2.102340314629447,0.20890402231410118,6.828986234479077,-9.03642957866758,2.6173125020754924,5.628279851252428,-5.516583717483647,3.789778274861443,6.602637649515515,-4.0853048769995475,7.966714323114895,6
-5.349403070044056,9.561494369963352,2.8217295604036887,-3.90173280040701,-7.274199149056036,-7.235023741027355,-2.5370091600294327,-6.294190577509563,7.21055282350472,0.4354605417579953,8.938321782227696,-7.035187652026453,-6.5843656687731205,-9.738490359690541,-1.1904150105867355,3.848608049661782,-1.0804325759514881,1.3124868256116946,8.07869366646683,3.8869319023407547,4
5.862117321485238,4.506724270999725,1.743231303360336,3.4306494341242035,8.451024822230416,-6.0953255957077825,-9.139684975128596,-1.177445899612514,9.876748132603963,-8.346807590543627,3.294887968333147,-5.726466432772116,3.316912229540711,-3.6184485268921702,5.0488761761511185,2.5739607748516256,0.18891037125955856,-7.567797232718481,6.541522862982302,-0.28355543385057,2
-2.9396123152017872,4.803924118132697,-0.44498773918976964,-1.7831277733878466,1.2214498907369606,-6.447813484793733,5.673791678601674,7.69492021338555,-6.162987543600638,-7.932088563992626,7.732339458123278,-1.2813372772285325,-4.9355650622719205,9.668595706233793,-0.2593635602663325,-1.7824299814373874,1.6168839197890266,9.763768555833169,2.590069632756469,-0.2636627686956008,1
0.4269144187049048,1.2132467057549965,-5.8941433539163794,3.386458939637321,9.185934358961456,-7.5177538994244415,-7.997973614271246,1.4498510457845941,4.071912406608864,1.4464253069256774,1.5921716449540082,-8.941518751750952,-9.377189733774443,5.875235238547272,7.531489058753214,-2.839486131108877,-2.059412318907117,8.744257316146685,3.6163493159196456,-7.090604751407958,7
7.521352564120709,-1.7722825508326359,-8.099823806795346,-7.2723369395876025,-2.317133469685836,9.484609215391295,6.388224928308209,-4.666480891396963,-0.5276742927708852,-0.6563760543124209,-2.4958040702217303,-5.427019929577712,-7.555576335349077,9.487684134025537,-8.363421051705302,1.4788254520533037,3.505536391959776,-5.368459008907794,1.2983527468816225,0.9503072693217105,3
-5.396691005167822,-5.330363762371118,-0.4023193828471398,-8.457619958393103,-7.219937611580067,-9.145101180959903,-4.223140109251619,-5.367689994707484,-10.052094256643059,4.827128616116719,-5.916707145288484,3.7644003162568964,3.798143685982371,-7.552868756527317,7.968561137496279,4.95109741338751,-6.7381547111601305,7.7174616250335415,9.835956401694764,-7.042789048559858,5
-4.236459352727558,8.386144879098914,8.00235294544239,6.3114564885595446,4.863370261138747,-7.016747025872457,2.587172372993321,-7.76908482900339,2.269581535605184,5.833000543368332,-6.042978923449881,-10.430782221441609,-6.990663990553453,5.3342933609801335,1.3301138468620528,8.59176867281969,11.182929704662259,-2.669174694629524,-1.8665136450368291,-4.080695409161979,0
10.603577907477037,-2.7888743564158656,-6.50352874010975,-9.019813117540444,1.2340488197761195,8.996584118215452,6.994923798365749,-4.970261721832269,-0.16644708059359714,0.14979339686563597,-2.72136466246636,-5.803494765314312,-4.679918591666268,8.417710747215086,-5.422583817893622,1.147484609212715,5.4189428638756825,-7.201529257911236,0.30949082072428447,-3.957103162680521,3
-2.1156267222174545,4.135368885651472,1.4816788765197868,-0.4837091577104411,3.9386739656368412,-7.270363259812206,3.42208395757038,7.05769959466582,-7.000259302610687,-5.994749459211983,7.437935452328114,-1.8571157249870605,-6.057170674669202,9.054016778065096,-3.066940868601807,-2.6294513792549887,4.4019721827275315,9.909099066158442,0.19993722541651815,-2.096331903921052,1
